,S010_001,S010_002,S010_003,S010_005,S010_006,S010_007
S010_001,1.0,0.9999388713391402,0.9996915061729371,0.9999143210146932,0.9999696512295249,0.999884907405864
S010_002,0.9999388713391402,1.0,0.9996387093511819,0.9998529151781267,0.9999470344760234,0.9998511134723035
S010_003,0.9996915061729371,0.9996387093511819,1.0,0.9997253560095216,0.9996748361886366,0.9993396297935977
S010_005,0.9999143210146932,0.9998529151781267,0.9997253560095216,1.0,0.9998866494828781,0.9998277628030225
S010_006,0.9999696512295249,0.9999470344760234,0.9996748361886366,0.9998866494828781,1.0,0.999861432810497
S010_007,0.999884907405864,0.9998511134723035,0.9993396297935977,0.9998277628030225,0.999861432810497,1.0
