,S011_001,S011_003,S011_004,S011_005,S011_006,S011_007
S011_001,1.0,0.999806977943909,0.9995585775309833,0.9996351253426213,0.9998814969957502,0.9999660826385226
S011_003,0.999806977943909,1.0,0.9992020123765638,0.9997590486306446,0.9999088905242008,0.9998326199424801
S011_004,0.9995585775309833,0.9992020123765638,1.0,0.9986947282610585,0.9994763004473566,0.9996083771444975
S011_005,0.9996351253426213,0.9997590486306446,0.9986947282610585,1.0,0.9996537186956919,0.9995991907969067
S011_006,0.9998814969957502,0.9999088905242008,0.9994763004473566,0.9996537186956919,1.0,0.9998768218294994
S011_007,0.9999660826385226,0.9998326199424801,0.9996083771444975,0.9995991907969067,0.9998768218294994,1.0
