,S026_001,S026_002,S026_003,S026_005,S026_006,S026_007
S026_001,1.0,0.999941416409838,0.9999370420925162,0.9999570734878998,0.9999345950300758,0.9998852556826178
S026_002,0.999941416409838,1.0,0.9999286460431442,0.9999548945438003,0.9999140202136388,0.9999692919359171
S026_003,0.9999370420925162,0.9999286460431442,1.0,0.9998887043632912,0.9998806713598899,0.9998998568185429
S026_005,0.9999570734878998,0.9999548945438003,0.9998887043632912,1.0,0.9999109051745475,0.9998551589291689
S026_006,0.9999345950300758,0.9999140202136388,0.9998806713598899,0.9999109051745475,1.0,0.9998689639939755
S026_007,0.9998852556826178,0.9999692919359171,0.9998998568185429,0.9998551589291689,0.9998689639939755,1.0
