,S032_001,S032_002,S032_004,S032_005,S032_006,S032_007
S032_001,1.0,0.9999952040920469,0.9999800372873826,0.9999485460598176,0.9999671931175146,0.9999462801825711
S032_002,0.9999952040920469,1.0,0.9999841870891908,0.9999252820430488,0.9999751612655714,0.9999510069653975
S032_004,0.9999800372873826,0.9999841870891908,1.0,0.9999479327041034,0.9999717380584985,0.999980446047951
S032_005,0.9999485460598176,0.9999252820430488,0.9999479327041034,1.0,0.9998910379314143,0.9999372109805649
S032_006,0.9999671931175146,0.9999751612655714,0.9999717380584985,0.9998910379314143,1.0,0.9999205470337309
S032_007,0.9999462801825711,0.9999510069653975,0.999980446047951,0.9999372109805649,0.9999205470337309,1.0
