,S035_001,S035_002,S035_003,S035_005,S035_006,S035_007
S035_001,1.0,0.9999335169442354,0.999955766735378,0.999944805646947,0.9997285349573658,0.9999386184981989
S035_002,0.9999335169442354,1.0,0.999960892530779,0.999973399430398,0.999802556999439,0.9999461884502946
S035_003,0.999955766735378,0.999960892530779,1.0,0.9999568823686814,0.9997828223370046,0.9999840289146359
S035_005,0.999944805646947,0.999973399430398,0.9999568823686814,1.0,0.9997118003497398,0.9999555419637934
S035_006,0.9997285349573658,0.999802556999439,0.9997828223370046,0.9997118003497398,1.0,0.9996741159628273
S035_007,0.9999386184981989,0.9999461884502946,0.9999840289146359,0.9999555419637934,0.9996741159628273,1.0
