,S037_001,S037_002,S037_003,S037_005,S037_006,S037_007
S037_001,1.0,0.9999219750713116,0.9999355623284584,0.999894039899859,0.9999459298230879,0.9994079876371895
S037_002,0.9999219750713116,1.0,0.9999898123705562,0.9999776349599193,0.9999880748915696,0.9990380955134055
S037_003,0.9999355623284584,0.9999898123705562,1.0,0.9999918444158236,0.9999846045802903,0.9990799175809163
S037_005,0.999894039899859,0.9999776349599193,0.9999918444158236,1.0,0.9999718832104127,0.9989977394540793
S037_006,0.9999459298230879,0.9999880748915696,0.9999846045802903,0.9999718832104127,1.0,0.9992191695416763
S037_007,0.9994079876371895,0.9990380955134055,0.9990799175809163,0.9989977394540793,0.9992191695416763,1.0
