,S042_001,S042_002,S042_003,S042_005,S042_006,S042_007
S042_001,1.0,0.999982154649155,0.9998986356593547,0.9999451357231565,0.9999745479219321,0.9999500458889943
S042_002,0.999982154649155,1.0,0.9998882303898414,0.9999246541175392,0.9999486125871364,0.9999454801885534
S042_003,0.9998986356593547,0.9998882303898414,1.0,0.9998168789058907,0.9998851461355656,0.9997642877550671
S042_005,0.9999451357231565,0.9999246541175392,0.9998168789058907,1.0,0.9999459620398657,0.9999076206169849
S042_006,0.9999745479219321,0.9999486125871364,0.9998851461355656,0.9999459620398657,1.0,0.9999298936515086
S042_007,0.9999500458889943,0.9999454801885534,0.9997642877550671,0.9999076206169849,0.9999298936515086,1.0
