,S067_001,S067_002,S067_003,S067_005,S067_006,S067_007
S067_001,1.0,0.9999712957994864,0.9998989929341717,0.9999202422343283,0.9999513729221142,0.9996845601271344
S067_002,0.9999712957994864,1.0,0.9999240951812834,0.999924129052208,0.9999156537628338,0.9997314686786394
S067_003,0.9998989929341717,0.9999240951812834,1.0,0.9999682045303708,0.9997557196627742,0.9994261863414657
S067_005,0.9999202422343283,0.999924129052208,0.9999682045303708,1.0,0.9998203602176836,0.9994332784223877
S067_006,0.9999513729221142,0.9999156537628338,0.9997557196627742,0.9998203602176836,1.0,0.9997281440690432
S067_007,0.9996845601271344,0.9997314686786394,0.9994261863414657,0.9994332784223877,0.9997281440690432,1.0
