,S071_001,S071_002,S071_003,S071_005,S071_006,S071_007
S071_001,1.0,0.9998884074977048,0.9999775763005747,0.9999457654818412,0.9999294453638449,0.999951319558589
S071_002,0.9998884074977048,1.0,0.9999516265389109,0.9999250894796395,0.9999587485220265,0.9999246213146104
S071_003,0.9999775763005747,0.9999516265389109,1.0,0.9999604933278247,0.9999511524346311,0.9999632073970006
S071_005,0.9999457654818412,0.9999250894796395,0.9999604933278247,1.0,0.9999687009865544,0.9999345033877107
S071_006,0.9999294453638449,0.9999587485220265,0.9999511524346311,0.9999687009865544,1.0,0.999898355557913
S071_007,0.999951319558589,0.9999246213146104,0.9999632073970006,0.9999345033877107,0.999898355557913,1.0
