,S075_001,S075_002,S075_003,S075_005,S075_006,S075_007
S075_001,1.0,0.9998355428631267,0.999924954598411,0.9998873846170717,0.9999534511392629,0.9986897999624795
S075_002,0.9998355428631267,1.0,0.999917378809834,0.9999453982887765,0.9999103437667505,0.9991269369523508
S075_003,0.999924954598411,0.999917378809834,1.0,0.999920366649645,0.9999563923697053,0.9991680430952111
S075_005,0.9998873846170717,0.9999453982887765,0.999920366649645,1.0,0.9999410929300523,0.9990573254320798
S075_006,0.9999534511392629,0.9999103437667505,0.9999563923697053,0.9999410929300523,1.0,0.9988770618226239
S075_007,0.9986897999624795,0.9991269369523508,0.9991680430952111,0.9990573254320798,0.9988770618226239,1.0
