,S077_001,S077_002,S077_003,S077_005,S077_006,S077_007
S077_001,1.0,0.9999712395593462,0.9999082198663395,0.9999616544668984,0.9998951398598667,0.9999952507344979
S077_002,0.9999712395593462,1.0,0.9999501450424374,0.999940056915707,0.9998981309979684,0.9999813438807668
S077_003,0.9999082198663395,0.9999501450424374,1.0,0.999879337610354,0.9997899500397341,0.999911980610912
S077_005,0.9999616544668984,0.999940056915707,0.999879337610354,1.0,0.9999096233976532,0.9999569786520159
S077_006,0.9998951398598667,0.9998981309979684,0.9997899500397341,0.9999096233976532,1.0,0.999912906621171
S077_007,0.9999952507344979,0.9999813438807668,0.999911980610912,0.9999569786520159,0.999912906621171,1.0
