,S078_001,S078_002,S078_003,S078_005,S078_006,S078_007
S078_001,1.0,0.9997847689719492,0.9999312678343655,0.9999163821751051,0.9999297903850177,0.9999014314090167
S078_002,0.9997847689719492,1.0,0.9997812584604325,0.9997763615389439,0.9997654493248518,0.9998326377642206
S078_003,0.9999312678343655,0.9997812584604325,1.0,0.999952249907602,0.9999463206979714,0.999989053574389
S078_005,0.9999163821751051,0.9997763615389439,0.999952249907602,1.0,0.9999800113870845,0.9999569023951139
S078_006,0.9999297903850177,0.9997654493248518,0.9999463206979714,0.9999800113870845,1.0,0.9999522131374033
S078_007,0.9999014314090167,0.9998326377642206,0.999989053574389,0.9999569023951139,0.9999522131374033,1.0
