,S095_002,S095_003,S095_004,S095_005,S095_006,S095_007
S095_002,1.0,0.9999566548001001,0.9999737837012417,0.999983354813632,0.9999485616046743,0.9999405875630027
S095_003,0.9999566548001001,1.0,0.9999344156658893,0.9999246057468218,0.9999986737899983,0.9999749280949508
S095_004,0.9999737837012417,0.9999344156658893,1.0,0.9999857120828374,0.9999293923117953,0.9999126399932227
S095_005,0.999983354813632,0.9999246057468218,0.9999857120828374,1.0,0.9999219284075358,0.9999085441442156
S095_006,0.9999485616046743,0.9999986737899983,0.9999293923117953,0.9999219284075358,1.0,0.9999746325685944
S095_007,0.9999405875630027,0.9999749280949508,0.9999126399932227,0.9999085441442156,0.9999746325685944,1.0
