,S110_001,S110_002,S110_004,S110_005,S110_006,S110_007
S110_001,1.0,0.9999785475200933,0.9999730273186854,0.9999763347298061,0.999421059990064,0.9991545604514948
S110_002,0.9999785475200933,1.0,0.999947783484345,0.9999900843939379,0.9994134807388351,0.9992194351195762
S110_004,0.9999730273186854,0.999947783484345,1.0,0.9999542451609048,0.9991896826843457,0.9988929860347402
S110_005,0.9999763347298061,0.9999900843939379,0.9999542451609048,1.0,0.9994146939323153,0.9992205853200123
S110_006,0.999421059990064,0.9994134807388351,0.9991896826843457,0.9994146939323153,1.0,0.9998938189911908
S110_007,0.9991545604514948,0.9992194351195762,0.9988929860347402,0.9992205853200123,0.9998938189911908,1.0
