,S010_001,S010_002,S010_003,S010_005,S010_006,S010_007
S010_001,1.0,0.9998880021732929,0.9997521627641972,0.9998786347976815,0.9997561537338101,0.9998810403450541
S010_002,0.9998880021732929,1.0,0.9999110494916121,0.9999103421099889,0.9999382004749506,0.9998738288873361
S010_003,0.9997521627641972,0.9999110494916121,1.0,0.9998545267267631,0.999813341795344,0.9997881788416229
S010_005,0.9998786347976815,0.9999103421099889,0.9998545267267631,1.0,0.9998819989760935,0.9999105392132845
S010_006,0.9997561537338101,0.9999382004749506,0.999813341795344,0.9998819989760935,1.0,0.9998880446563454
S010_007,0.9998810403450541,0.9998738288873361,0.9997881788416229,0.9999105392132845,0.9998880446563454,1.0
