,S011_001,S011_003,S011_004,S011_005,S011_006,S011_007
S011_001,1.0,0.9998591717502425,0.9999202152907014,0.9998694113969638,0.9999616222716008,0.9998910698221435
S011_003,0.9998591717502425,1.0,0.9997616730770447,0.9998843462250062,0.999856667944408,0.9999019249231814
S011_004,0.9999202152907014,0.9997616730770447,1.0,0.999759269061553,0.9999768828974117,0.9998063225693563
S011_005,0.9998694113969638,0.9998843462250062,0.999759269061553,1.0,0.9998102473858029,0.9999540685392435
S011_006,0.9999616222716008,0.999856667944408,0.9999768828974117,0.9998102473858029,1.0,0.9998669715969427
S011_007,0.9998910698221435,0.9999019249231814,0.9998063225693563,0.9999540685392435,0.9998669715969427,1.0
