,S022_001,S022_002,S022_003,S022_005,S022_006,S022_007
S022_001,1.0,0.9999700981077163,0.9999833057022809,0.999914287106428,0.9999765116967879,0.9999809903514296
S022_002,0.9999700981077163,1.0,0.9999613833518187,0.9998327748585469,0.9999684874252233,0.9999748500278096
S022_003,0.9999833057022809,0.9999613833518187,1.0,0.9998859986299764,0.9999857431474671,0.9999896828678728
S022_005,0.999914287106428,0.9998327748585469,0.9998859986299764,1.0,0.9998927109598802,0.9998912915184832
S022_006,0.9999765116967879,0.9999684874252233,0.9999857431474671,0.9998927109598802,1.0,0.9999727724406237
S022_007,0.9999809903514296,0.9999748500278096,0.9999896828678728,0.9998912915184832,0.9999727724406237,1.0
