,S026_001,S026_002,S026_003,S026_005,S026_006,S026_007
S026_001,1.0,0.9999070513739082,0.9998764156537349,0.9998968671843234,0.999907754713146,0.9999375446499129
S026_002,0.9999070513739082,1.0,0.999901954549564,0.999969085253128,0.9999637595581312,0.9999578041754863
S026_003,0.9998764156537349,0.999901954549564,1.0,0.9999352469461723,0.9999017094556005,0.9999548214793501
S026_005,0.9998968671843234,0.999969085253128,0.9999352469461723,1.0,0.9999628615998382,0.9999407094911751
S026_006,0.999907754713146,0.9999637595581312,0.9999017094556005,0.9999628615998382,1.0,0.9999238357758221
S026_007,0.9999375446499129,0.9999578041754863,0.9999548214793501,0.9999407094911751,0.9999238357758221,1.0
