,S032_001,S032_002,S032_004,S032_005,S032_006,S032_007
S032_001,1.0,0.999953932921617,0.9999529526350666,0.9999014986452927,0.9999548704355391,0.9999474129439965
S032_002,0.999953932921617,1.0,0.9999950362567682,0.9999676975814334,0.9999916703095502,0.999950291861235
S032_004,0.9999529526350666,0.9999950362567682,1.0,0.9999452186499536,0.9999951766803602,0.9999501168898945
S032_005,0.9999014986452927,0.9999676975814334,0.9999452186499536,1.0,0.9999382079348617,0.999866386285165
S032_006,0.9999548704355391,0.9999916703095502,0.9999951766803602,0.9999382079348617,1.0,0.9999706494281592
S032_007,0.9999474129439965,0.999950291861235,0.9999501168898945,0.999866386285165,0.9999706494281592,1.0
