,S035_001,S035_002,S035_003,S035_005,S035_006,S035_007
S035_001,1.0,0.9999384713586923,0.9997949511304969,0.9999158417919022,0.9997526758088732,0.9999581190947862
S035_002,0.9999384713586923,1.0,0.9999106296254968,0.9999903699349669,0.9999148146060555,0.9999680600842762
S035_003,0.9997949511304969,0.9999106296254968,1.0,0.9999366832214881,0.9999412774183419,0.9999013397016023
S035_005,0.9999158417919022,0.9999903699349669,0.9999366832214881,1.0,0.999912321876082,0.9999643381829638
S035_006,0.9997526758088732,0.9999148146060555,0.9999412774183419,0.999912321876082,1.0,0.9998347779078594
S035_007,0.9999581190947862,0.9999680600842762,0.9999013397016023,0.9999643381829638,0.9998347779078594,1.0
