,S037_001,S037_002,S037_003,S037_005,S037_006,S037_007
S037_001,1.0,0.9999096661989693,0.9999758209890508,0.9999636933308303,0.999915147983338,0.9996135477638902
S037_002,0.9999096661989693,1.0,0.9999385052059457,0.9999709747982153,0.9999128835537469,0.9998652346709463
S037_003,0.9999758209890508,0.9999385052059457,1.0,0.9999897341003462,0.9999804035131326,0.9997298217106987
S037_005,0.9999636933308303,0.9999709747982153,0.9999897341003462,1.0,0.9999700545943263,0.9997797165907295
S037_006,0.999915147983338,0.9999128835537469,0.9999804035131326,0.9999700545943263,1.0,0.9997759399747934
S037_007,0.9996135477638902,0.9998652346709463,0.9997298217106987,0.9997797165907295,0.9997759399747934,1.0
