,S044_001,S044_002,S044_003,S044_005,S044_006,S044_007
S044_001,1.0,0.9999494392672679,0.9999379162259677,0.9999190443619184,0.9999422027076965,0.9999426630448311
S044_002,0.9999494392672679,1.0,0.9999807115075269,0.9999825501525177,0.9999849192565156,0.9999794735991689
S044_003,0.9999379162259677,0.9999807115075269,1.0,0.9999497663540113,0.9999732002132095,0.9999840681726846
S044_005,0.9999190443619184,0.9999825501525177,0.9999497663540113,1.0,0.9999656580825272,0.999950183829975
S044_006,0.9999422027076965,0.9999849192565156,0.9999732002132095,0.9999656580825272,1.0,0.9999872875398269
S044_007,0.9999426630448311,0.9999794735991689,0.9999840681726846,0.999950183829975,0.9999872875398269,1.0
