,S071_001,S071_002,S071_003,S071_005,S071_006,S071_007
S071_001,1.0,0.9998785020567494,0.9999764103417249,0.9999723196693285,0.9999681936157162,0.9999419153529419
S071_002,0.9998785020567494,1.0,0.9999226309460651,0.9998361320812633,0.9998590744018505,0.9997622648442744
S071_003,0.9999764103417249,0.9999226309460651,1.0,0.9999401843759038,0.9999529821034535,0.9999275644434112
S071_005,0.9999723196693285,0.9998361320812633,0.9999401843759038,1.0,0.9999921623123295,0.9999608808708552
S071_006,0.9999681936157162,0.9998590744018505,0.9999529821034535,0.9999921623123295,1.0,0.9999655080204728
S071_007,0.9999419153529419,0.9997622648442744,0.9999275644434112,0.9999608808708552,0.9999655080204728,1.0
