,S075_001,S075_002,S075_003,S075_005,S075_006,S075_007
S075_001,1.0,0.9998302735926612,0.9999613274520922,0.9999642810730394,0.9999248122841934,0.9997548418965242
S075_002,0.9998302735926612,1.0,0.999940670146198,0.9998803114904167,0.9999253810877796,0.9998147704365804
S075_003,0.9999613274520922,0.999940670146198,1.0,0.99997269363672,0.9999510940723922,0.9997921146751831
S075_005,0.9999642810730394,0.9998803114904167,0.99997269363672,1.0,0.9999526451980867,0.9997768701447454
S075_006,0.9999248122841934,0.9999253810877796,0.9999510940723922,0.9999526451980867,1.0,0.9998345729840371
S075_007,0.9997548418965242,0.9998147704365804,0.9997921146751831,0.9997768701447454,0.9998345729840371,1.0
