,S077_001,S077_002,S077_003,S077_005,S077_006,S077_007
S077_001,1.0,0.9999954721253705,0.9999869910002938,0.9999673612029711,0.9999430514856354,0.9999929477098418
S077_002,0.9999954721253705,1.0,0.9999764440936104,0.9999809572546997,0.9999445807845426,0.9999923467152892
S077_003,0.9999869910002938,0.9999764440936104,1.0,0.9999288541066131,0.9999319010934675,0.9999799458034718
S077_005,0.9999673612029711,0.9999809572546997,0.9999288541066131,1.0,0.9998894994804998,0.999956072081886
S077_006,0.9999430514856354,0.9999445807845426,0.9999319010934675,0.9998894994804998,1.0,0.9999440046406806
S077_007,0.9999929477098418,0.9999923467152892,0.9999799458034718,0.999956072081886,0.9999440046406806,1.0
