,S078_001,S078_002,S078_003,S078_005,S078_006,S078_007
S078_001,1.0,0.9998406832667306,0.9999451649411805,0.9998782875640425,0.9999013191156991,0.9999438714943494
S078_002,0.9998406832667306,1.0,0.9998926110298512,0.9999654297389845,0.9999450009930191,0.9999634789321701
S078_003,0.9999451649411805,0.9998926110298512,1.0,0.9999341356709506,0.9999541451093859,0.999976453318251
S078_005,0.9998782875640425,0.9999654297389845,0.9999341356709506,1.0,0.9999883764164504,0.9999698648375419
S078_006,0.9999013191156991,0.9999450009930191,0.9999541451093859,0.9999883764164504,1.0,0.9999769201525408
S078_007,0.9999438714943494,0.9999634789321701,0.999976453318251,0.9999698648375419,0.9999769201525408,1.0
