,S087_001,S087_002,S087_003,S087_005,S087_006,S087_007
S087_001,1.0,0.9999577101548381,0.9999569749083531,0.9999368375288112,0.999895533991223,0.9996852888307678
S087_002,0.9999577101548381,1.0,0.9999899917817321,0.9999330885714637,0.9999677538262779,0.9995383598807387
S087_003,0.9999569749083531,0.9999899917817321,1.0,0.9999597115228159,0.999928993708474,0.9994870588009657
S087_005,0.9999368375288112,0.9999330885714637,0.9999597115228159,1.0,0.9998257639319743,0.9994438261327661
S087_006,0.999895533991223,0.9999677538262779,0.999928993708474,0.9998257639319743,1.0,0.9995542231887523
S087_007,0.9996852888307678,0.9995383598807387,0.9994870588009657,0.9994438261327661,0.9995542231887523,1.0
