,S095_002,S095_003,S095_004,S095_005,S095_006,S095_007
S095_002,1.0,0.99985220733402,0.9999674367494742,0.9999476368069792,0.9999530014254167,0.9999451170130225
S095_003,0.99985220733402,1.0,0.9999127333834639,0.9998830031783399,0.9999445238970751,0.9998953967195366
S095_004,0.9999674367494742,0.9999127333834639,1.0,0.9999710129373605,0.9999510582101674,0.9999790461954211
S095_005,0.9999476368069792,0.9998830031783399,0.9999710129373605,1.0,0.9999394717068217,0.9999657021500147
S095_006,0.9999530014254167,0.9999445238970751,0.9999510582101674,0.9999394717068217,1.0,0.9999264056314813
S095_007,0.9999451170130225,0.9998953967195366,0.9999790461954211,0.9999657021500147,0.9999264056314813,1.0
