,S113_001,S113_002,S113_004,S113_005,S113_006,S113_007
S113_001,1.0,0.9999464188351781,0.9999398495110229,0.9999683944402324,0.9999186936392387,0.9999264542096958
S113_002,0.9999464188351781,1.0,0.9999654361609526,0.9999431491912087,0.99992093049595,0.999934509433379
S113_004,0.9999398495110229,0.9999654361609526,1.0,0.9999431616198843,0.9999445765557892,0.9999601123140457
S113_005,0.9999683944402324,0.9999431491912087,0.9999431616198843,1.0,0.9999580369772354,0.9998929601155857
S113_006,0.9999186936392387,0.99992093049595,0.9999445765557892,0.9999580369772354,1.0,0.9999285822549261
S113_007,0.9999264542096958,0.999934509433379,0.9999601123140457,0.9998929601155857,0.9999285822549261,1.0
