,S010_006,S011_006,S014_006,S022_006,S026_006,S032_006,S035_006,S037_006,S042_006,S044_006,S045_006,S046_006,S050_006,S052_006,S055_006,S056_006,S057_006,S058_006,S060_006,S062_006,S064_006,S065_006,S066_006,S067_006,S068_006,S069_006,S071_006,S072_006,S073_006,S075_006,S076_006,S077_006,S078_006,S080_006,S081_006,S082_006,S083_006,S085_006,S087_006,S093_006,S094_006,S095_006,S098_006,S100_006,S105_006,S106_006,S108_006,S110_006,S112_006,S113_006,S114_006,S115_006,S116_006,S117_006,S118_006,S119_006,S120_006,S122_006,S124_006,S125_006
S010_006,1.0,0.9994688019313286,0.9997365692188143,0.9998442827922784,0.9998511285707583,0.9998446157396547,0.999831696510979,0.9996704163796474,0.9998765445105221,0.999936157214161,0.9997692227091968,0.999782528922524,0.9996348414113249,0.9998203755698674,0.9998671031464653,0.9998470708602281,0.9998676978524534,0.9997948471693109,0.9999261256371779,0.9997722744473743,0.9997405214962839,0.9999315521938927,0.9998229921969686,0.9998074561673925,0.9998390103047556,0.9998790888155124,0.9998613213039352,0.9998529571431221,0.9998321307996204,0.9998674446624094,0.9998073647526954,0.9999086740714087,0.9997983936220064,0.9999508445249451,0.9997656621471163,0.999794330880143,0.9996775935785841,0.9997900346323244,0.9997599254924625,0.9998549364299797,0.9997060612348869,0.9999426036809772,0.999747706723551,0.9997367160261338,0.9998070941758931,0.9998070251497625,0.9997955886861888,0.9992947273659917,0.9996562327803242,0.9997056020441221,0.9998833726341975,0.9998857218559859,0.9997029696248753,0.9998580051654452,0.9999485336206869,0.9998211176680819,0.9998757337522974,0.9998401207849502,0.9999046884859835,0.9996878805119103
S011_006,0.9994688019313286,1.0,0.9992392960261626,0.9996544845545667,0.9994449285725554,0.9993841547935057,0.9994825020351841,0.9992471949979826,0.999442931377434,0.9993566156534339,0.9992186527291417,0.9995266741074917,0.9991153703717173,0.9992358219526192,0.9993474357587453,0.9994426074927267,0.9990738168280667,0.9991731178869846,0.9993495458169072,0.9994577864738912,0.9993460620694641,0.9995156959897422,0.9993662315347573,0.9987914510812894,0.9995515955448695,0.9989219178364376,0.9994655500630443,0.999544205639524,0.9993683090995337,0.9994970907051922,0.9995081287595241,0.999430405274531,0.9994603784802778,0.9993381742495139,0.9992989714505314,0.9993066546150647,0.9994614110640342,0.9995083417893476,0.9995401087173944,0.999312818009838,0.998868615193434,0.9995897989283046,0.9993793471194868,0.99907094864139,0.9995635353768901,0.9994179027499511,0.9990977439014531,0.9986564311244596,0.9995798884242324,0.9995298996872286,0.9993801227000799,0.9994769401726898,0.9990835649526055,0.9993177480222644,0.9995523775855713,0.9993434579173487,0.9995504679033858,0.9994192710394548,0.9995561389567948,0.9992259464918577
S014_006,0.9997365692188143,0.9992392960261626,1.0,0.9998497729545586,0.9999057815684635,0.999940573667492,0.9999119817314163,0.9998891338552914,0.9999075864560732,0.9998554177818886,0.9997894075810183,0.9999502014273663,0.9998176281655373,0.9998337102002302,0.999832281413764,0.9999144096740817,0.9997636614410462,0.9998944088147995,0.9998526904221741,0.9999660424582649,0.9998246307195128,0.9998273472529492,0.9998959111257998,0.9996868831420985,0.9998754790577893,0.9996302813825688,0.9999504338100587,0.9999322942507972,0.9999290488109858,0.9997025820709453,0.9999285855840937,0.9997982042816539,0.9999013749044331,0.9997661005256636,0.9998611612376247,0.9998029200750469,0.9998893180863535,0.9998709824617048,0.9998485273717319,0.9997920661436576,0.9998442864172368,0.9997909134360683,0.9998322890115479,0.9999616444020103,0.9997713409824192,0.9999340693752529,0.9999301380981457,0.9992751635825682,0.9998780147470645,0.9998665104944291,0.9999499627601193,0.9999011332847658,0.9996954638913784,0.9998995016983918,0.9997830848199796,0.9998548201895886,0.9998005050410431,0.9998795468788386,0.9998971576006562,0.9998380104477408
S022_006,0.9998442827922784,0.9996544845545667,0.9998497729545586,1.0,0.9999482130233982,0.9999504287869986,0.9999032542389477,0.9998626509246747,0.9999357235341785,0.9998515122020706,0.9998192224047326,0.9999521403591567,0.9997553341567323,0.9998527820772335,0.9999152566070271,0.9999203412352557,0.9997874456853412,0.9998795339771147,0.9999009002760113,0.9999120439345116,0.9998881675232673,0.9999479746202538,0.9998753039284247,0.9995482677085883,0.9999783237220926,0.9995448499278664,0.9999173504007245,0.9999574174231415,0.9998825950573046,0.9998590298723015,0.9999620827249645,0.9998588316615397,0.9999226657239078,0.9998656676839157,0.9998109429849941,0.9999044578769599,0.9997880221043501,0.9999609304373192,0.9999155962569203,0.9998588181767545,0.9997296805281862,0.9999014244356874,0.999897547196062,0.9998268749352759,0.9999523172503597,0.9999130784618875,0.9998053511253019,0.9992330237399979,0.9999260141308165,0.9999431668981817,0.9999271628544032,0.9999186123751095,0.9998030463423753,0.9999077165206564,0.9998816785959312,0.9999185753443707,0.9998822684257859,0.9998971136220467,0.9999750878579903,0.9998813888637772
S026_006,0.9998511285707583,0.9994449285725554,0.9999057815684635,0.9999482130233982,1.0,0.999964012294263,0.9998793497101267,0.9998912860919733,0.9999570737169061,0.9998588342337122,0.9998104578106464,0.9999426504862966,0.9996805006410288,0.9998548681383356,0.9998800733382214,0.9998981590064345,0.9998338249194436,0.9999362508261727,0.9999019213340906,0.9998904178032646,0.9998208775012248,0.9999664473692879,0.9998791105774151,0.9996803275818895,0.9999718544737453,0.9996420423946139,0.9999439218108103,0.9999211577295228,0.9999157761410936,0.9997732540038375,0.9999551261661699,0.999792000978366,0.9998941924917055,0.9998512399646378,0.9997825562236176,0.9998477201941322,0.999761186896134,0.9999056172108862,0.9999493783828556,0.9998550890606777,0.9997929917408398,0.9998293799813233,0.9998824418050581,0.9999001004755724,0.9998792775540237,0.999904452251205,0.9998265773757637,0.9993101912564838,0.9998981723289889,0.999935944276777,0.9999393882859253,0.9999269157215347,0.9998072319439875,0.9998911195874605,0.9998392131305027,0.9998831798916495,0.9998116664595296,0.9998745017567723,0.9999404903947259,0.9998968596714537
S032_006,0.9998446157396547,0.9993841547935057,0.999940573667492,0.9999504287869986,0.999964012294263,1.0,0.9999407854554528,0.999888158939356,0.9999370089674536,0.9999014433389489,0.9998309274614792,0.9999614877912841,0.9998490560190837,0.9999202556647919,0.9999343560691356,0.9999282846342704,0.999870963269053,0.9999470138661211,0.999948020630105,0.99994097736049,0.9999056891587361,0.9999420203336827,0.9999313593639833,0.9997352419317778,0.9999664385042115,0.999673837626295,0.9999625494356296,0.9999666940002181,0.9999568600419536,0.9998269482846552,0.9999631295920549,0.9998730719080184,0.9999406621791046,0.9999047211765567,0.9998621392316939,0.9999174934584037,0.9998178076946179,0.9999672870292051,0.9998969400481477,0.9998579946106642,0.9999026996705674,0.9998722839670378,0.9999188581925949,0.9999344439028544,0.9998887186399965,0.9999638666050032,0.999925119763611,0.9991949015351466,0.999904775757596,0.9999090133232484,0.9999858116497736,0.9999308677333093,0.9998632777165738,0.9999599949055024,0.9998780984824629,0.9999695031306157,0.9998579363046336,0.9999226108635414,0.9999639492431145,0.9999096077287761
S035_006,0.999831696510979,0.9994825020351841,0.9999119817314163,0.9999032542389477,0.9998793497101267,0.9999407854554528,1.0,0.9998238593658471,0.9998659995909128,0.9999343031375721,0.9996816584877875,0.9999608415174286,0.9998826936566132,0.9999254800997185,0.9998772065217996,0.9998674307061944,0.9997198837355981,0.9998524239295375,0.9999303632744512,0.9999312902590389,0.9999070240902391,0.9998571372453934,0.9999810029967763,0.9996890102400192,0.9999294974145352,0.9996994101015712,0.9999774111034406,0.9999806456025389,0.9999791353771211,0.9998780493564486,0.9999456614139643,0.9999095437142217,0.9999727470291043,0.9998730886527928,0.9999399007365599,0.9998211078309251,0.9998561680011449,0.999914919329284,0.9998859216076725,0.9997986618586655,0.9998132073963371,0.9999022831840478,0.9999269760819397,0.9998452620178605,0.9997746092141935,0.9999925776539534,0.9998936663830758,0.9990529019565664,0.9998660494849041,0.999870307224678,0.9999681818304098,0.9999498613399258,0.9997856490507543,0.9999365059689305,0.999938934527402,0.9999201353833567,0.9999272728331318,0.9999627822470337,0.9999340893090565,0.9998229661198569
S037_006,0.9996704163796474,0.9992471949979826,0.9998891338552914,0.9998626509246747,0.9998912860919733,0.999888158939356,0.9998238593658471,1.0,0.9999282338513393,0.9998109804599337,0.9998006960812305,0.9999118489915498,0.9997512610571148,0.9998652925532409,0.9998842051881014,0.9998667385108205,0.999691793780726,0.9999531408026662,0.9998409549848299,0.9998607916593664,0.9999001651559472,0.9997853351076553,0.9998678290983888,0.9994385082937004,0.999894913536702,0.9994949661533499,0.9998470715600407,0.9998812085924518,0.9998153922790459,0.9997789737680857,0.9999493872380605,0.9997638366095085,0.9999174453469515,0.9997309132314708,0.9998659888450903,0.9998595213856254,0.9996454451561335,0.9998007757951647,0.9998751000087124,0.9999041594372425,0.9997073832124095,0.9997531083790606,0.9999034529136355,0.9999305111317889,0.9998032042125546,0.9998703658019004,0.9998237967948905,0.9994975820687646,0.9997904202048609,0.9999467051226058,0.9998814185281414,0.9999143802099485,0.999814067419457,0.9998973346577821,0.9997304879399318,0.9998007657045493,0.9998226036160464,0.9999019745860643,0.9998861303694954,0.9999719206560228
S042_006,0.9998765445105221,0.999442931377434,0.9999075864560732,0.9999357235341785,0.9999570737169061,0.9999370089674536,0.9998659995909128,0.9999282338513393,1.0,0.9999032793124684,0.9999168245776169,0.9999264089723082,0.9997302579188958,0.999857875974639,0.9999333380267892,0.9999662769703234,0.9998579165921195,0.9999436567765719,0.9999155098937127,0.9999170985460754,0.9998629445826833,0.9999321841356761,0.9998703012777024,0.9996441395409771,0.9999294644674119,0.9996884633829387,0.9999131925291664,0.9999329223978222,0.9998626646934129,0.9998388769084453,0.999952590509618,0.9998725469343843,0.9999034299998156,0.9998663325151469,0.9998455970190651,0.9999033636216775,0.9997711710058101,0.9998717884017617,0.9998825956318435,0.9999509973999424,0.9997522064761049,0.9998994383629132,0.9998543656829987,0.9999287807422406,0.9999183104375514,0.9998833095657689,0.9998754711437566,0.9995641464944486,0.9998317731446383,0.9999144302608467,0.9999412317758918,0.9999522292879405,0.9997730793487717,0.999928864169278,0.9998586035175496,0.9998584097022524,0.9998860243910466,0.9999064385911529,0.9999707281334522,0.9999003792337237
S044_006,0.999936157214161,0.9993566156534339,0.9998554177818886,0.9998515122020706,0.9998588342337122,0.9999014433389489,0.9999343031375721,0.9998109804599337,0.9999032793124684,1.0,0.9997693100498701,0.9998735274347653,0.9998279699941578,0.9999424549612259,0.9999274273481151,0.9998812502847366,0.9998288374778361,0.9998845174116637,0.9999770164938555,0.9998598429281248,0.9998848481629424,0.9998743021891562,0.9999503113495402,0.9997949822307501,0.9998772743285326,0.9998855065704372,0.9999258037529853,0.9999303536991115,0.9999178600786737,0.9999331239080543,0.9998945715882509,0.9999672101111349,0.9999252747861964,0.9999500529232423,0.9999395515831532,0.9998507805792269,0.9997379060165017,0.999825234876281,0.9998107828291393,0.999908842607075,0.9998045807470448,0.9999507001798902,0.9998759220538342,0.9998559201486937,0.999773888434958,0.999922922249135,0.999913759693221,0.9993208014284793,0.9997001853292724,0.999789562642622,0.9999561926099965,0.9999637826596657,0.9998033210435849,0.9999549749985991,0.9999701508939692,0.9998805329105139,0.9999563418422882,0.9999608928982602,0.9999349878590299,0.9998102081734134
S045_006,0.9997692227091968,0.9992186527291417,0.9997894075810183,0.9998192224047326,0.9998104578106464,0.9998309274614792,0.9996816584877875,0.9998006960812305,0.9999168245776169,0.9997693100498701,1.0,0.9997597954154107,0.999677139895866,0.9997020078820135,0.9998882169730352,0.9999497027329693,0.9998960426433009,0.9998424362667232,0.9998022868660938,0.9998335568021287,0.9997578031230382,0.9998250460528904,0.9996677694566087,0.9995579134886885,0.9997555213463729,0.9995658430051617,0.999730410857086,0.9998026072162662,0.9996640501696789,0.9997041760634676,0.9997927414327447,0.9998041596255244,0.9997271585370737,0.9997900055429906,0.9996838234494576,0.9999121639762527,0.9996708730533892,0.9997933082246655,0.9996225943515286,0.9998926672570191,0.9997073559504079,0.9998173118514608,0.9996470081442822,0.999867231348701,0.9999212016929834,0.9997089014619661,0.9998429383740801,0.9996084209225372,0.9996780439966093,0.999725489401881,0.9998264961923403,0.9997771950800599,0.9996424984742204,0.9998493078402145,0.9996957347975449,0.9997853144613192,0.9997442654819653,0.9997399823888116,0.9998829755341956,0.9997758587975084
S046_006,0.999782528922524,0.9995266741074917,0.9999502014273663,0.9999521403591567,0.9999426504862966,0.9999614877912841,0.9999608415174286,0.9999118489915498,0.9999264089723082,0.9998735274347653,0.9997597954154107,1.0,0.9998203211509789,0.9998790822255995,0.9998764593930632,0.9999125981187702,0.9997197711764397,0.9998957779320706,0.9998895238206045,0.9999653284344039,0.9998981689305132,0.9998843800233633,0.9999401742964843,0.9995815893302084,0.9999657029537793,0.9995697532116227,0.9999728562226153,0.9999824159579794,0.9999491038113616,0.9998186697759474,0.9999891881089552,0.9998425110303187,0.9999678243162923,0.9998098223895352,0.9998914573982619,0.9998453327886402,0.9998700752263016,0.9999355086621242,0.9999440726477647,0.9998260139854332,0.9997742885350973,0.9998603991269732,0.9999256995480685,0.999895613778297,0.9998509183542802,0.9999732400320996,0.9998658117937084,0.999211088847714,0.9999487157976035,0.9999604011664249,0.9999582105217125,0.999949858425943,0.9997720643285576,0.9999194855989909,0.9998648852191273,0.999898737970709,0.999884757848477,0.999936369603623,0.9999520307300802,0.9998908022748876
S050_006,0.9996348414113249,0.9991153703717173,0.9998176281655373,0.9997553341567323,0.9996805006410288,0.9998490560190837,0.9998826936566132,0.9997512610571148,0.9997302579188958,0.9998279699941578,0.999677139895866,0.9998203211509789,1.0,0.9998814395804031,0.9998647825579806,0.9998032009482672,0.9996840844826003,0.9997869148977494,0.9998505222736874,0.9998517142373553,0.9999240477024612,0.999658605767138,0.9998744109402671,0.9995661647712079,0.9997600414372723,0.9995538907758873,0.9998034934731405,0.9998781818229304,0.9998292697496504,0.9998055944003021,0.9998141556343036,0.999875000146996,0.9998829490424607,0.999797110424935,0.999905266948971,0.9998581163722614,0.9997177491456624,0.9998459243045957,0.9996217487394436,0.999735723123997,0.9998459585449909,0.9997950214086373,0.9998307433604787,0.9998143875891573,0.9996955317637035,0.9998959615210596,0.9999200904138386,0.9989413179963271,0.9996888104607438,0.9996993461303683,0.9998797658632276,0.999797604707644,0.9997733476287136,0.9999188039305326,0.9997853605973723,0.999900456997008,0.9998302425477018,0.9998798398873376,0.9998284615194524,0.9997738904710448
S052_006,0.9998203755698674,0.9992358219526192,0.9998337102002302,0.9998527820772335,0.9998548681383356,0.9999202556647919,0.9999254800997185,0.9998652925532409,0.999857875974639,0.9999424549612259,0.9997020078820135,0.9998790822255995,0.9998814395804031,1.0,0.9999423891348767,0.9998127680039223,0.999781627411243,0.9999330119057332,0.9999729793510773,0.9998166264471664,0.9999561275319706,0.9998332099507146,0.9999715279027069,0.9996982114543266,0.9999086304799046,0.9997494721511408,0.9998948315826132,0.9999131797986146,0.9999189602709115,0.9999239778515217,0.9999138710185171,0.9999074929753358,0.9999564495983181,0.9999224050886489,0.9999432389628953,0.9998858121772705,0.9996220575361533,0.9998502828842802,0.9998349861191043,0.9998838824545384,0.9998562872638985,0.9998597884157724,0.9999658413855431,0.9998652704949526,0.9997493152850679,0.9999440259442907,0.9998922768513316,0.9991562291847969,0.9997119790448369,0.9998390266528258,0.9999430398194775,0.9999383771855342,0.9999437278970476,0.9999686757268003,0.9999071635772263,0.9999261494189161,0.9999093786294222,0.9999715320985623,0.9999030000025275,0.9999127318423369
S055_006,0.9998671031464653,0.9993474357587453,0.999832281413764,0.9999152566070271,0.9998800733382214,0.9999343560691356,0.9998772065217996,0.9998842051881014,0.9999333380267892,0.9999274273481151,0.9998882169730352,0.9998764593930632,0.9998647825579806,0.9999423891348767,1.0,0.999924653177936,0.9998868325429808,0.999943351764534,0.9999692362088708,0.9998652122805265,0.9999560339709859,0.9998920808478262,0.9998972217226907,0.9996590227918416,0.9999090116585629,0.9997096393523387,0.9998637408951626,0.999926333614113,0.9998506292658026,0.9999310240449318,0.9999183058280796,0.9999449045527933,0.9999226271301896,0.9999462415593144,0.9998927849600704,0.9999833089423157,0.9996686275264788,0.9998977788351513,0.9997925071199275,0.9999592174131472,0.9998314336055195,0.9999238599921376,0.9999018430752521,0.9998912273288391,0.9999083585161964,0.9998965333310567,0.9999113223212815,0.9993826365717409,0.9997452212087957,0.9998488359891212,0.9999431321372865,0.999924850959578,0.999901726796199,0.9999836891572619,0.9998947718387019,0.9999407056712831,0.9999200968537274,0.9999387232297288,0.9999629953613931,0.9999183955776334
S056_006,0.9998470708602281,0.9994426074927267,0.9999144096740817,0.9999203412352557,0.9998981590064345,0.9999282846342704,0.9998674307061944,0.9998667385108205,0.9999662769703234,0.9998812502847366,0.9999497027329693,0.9999125981187702,0.9998032009482672,0.9998127680039223,0.999924653177936,1.0,0.9998675486190726,0.9998831585759206,0.9998880913833521,0.9999608354616631,0.9998559120090458,0.9998949771196057,0.9998349621888026,0.999640354130322,0.9998777226833176,0.9996483060460869,0.9998942920663034,0.9999416402023106,0.9998409667632773,0.9998109947923748,0.9999164403596531,0.9998988528608288,0.9998769457772766,0.999854052014575,0.9998346114512433,0.9999206510744065,0.999859124106001,0.9999044907262362,0.9997877393163325,0.9999034881806184,0.9997755773530147,0.9999174874526043,0.999790027617814,0.9999159302292411,0.999937876048085,0.999875678439665,0.9999169494367108,0.9994814253148896,0.9998429858544046,0.9998493088614465,0.9999378770085697,0.9999025025403756,0.9996981020030242,0.9999278997869059,0.9998425148526315,0.9998784463304089,0.9998756763193395,0.9998752805237163,0.9999688917845757,0.9998298227243958
S057_006,0.9998676978524534,0.9990738168280667,0.9997636614410462,0.9997874456853412,0.9998338249194436,0.999870963269053,0.9997198837355981,0.999691793780726,0.9998579165921195,0.9998288374778361,0.9998960426433009,0.9997197711764397,0.9996840844826003,0.999781627411243,0.9998868325429808,0.9998675486190726,1.0,0.9998562833293454,0.9998839892222523,0.999762922550223,0.9997253136124045,0.9998942976908067,0.9997203288576268,0.9998354262182065,0.9997736369607749,0.99976824497201,0.999773856463955,0.9997827492774904,0.9997595683032329,0.9997117781819458,0.9997496604405359,0.9998184585863531,0.999710551086252,0.9999136355418354,0.9996601387914488,0.9998836985071677,0.9996118913624638,0.9998135099015676,0.9996251592659192,0.9998309109575987,0.9998714550212876,0.9998099140943545,0.9996757593512005,0.9998444684710378,0.9998403550888285,0.9997433675975358,0.9998724081210582,0.9992994120740605,0.9996272386083238,0.9996409490403889,0.9998655057887945,0.9997669694205514,0.9997544880929911,0.9998648976543714,0.9997702457219145,0.9998666263694483,0.9997078323429163,0.9997379983159422,0.999856776546472,0.9997368681629865
S058_006,0.9997948471693109,0.9991731178869846,0.9998944088147995,0.9998795339771147,0.9999362508261727,0.9999470138661211,0.9998524239295375,0.9999531408026662,0.9999436567765719,0.9998845174116637,0.9998424362667232,0.9998957779320706,0.9997869148977494,0.9999330119057332,0.999943351764534,0.9998831585759206,0.9998562833293454,1.0,0.9999334118518692,0.9998507763577869,0.9999062501768623,0.9998816229987602,0.9999005770591989,0.9996723185711062,0.9999226920341462,0.999678718227753,0.999884892297212,0.9998933251076463,0.9998774396311122,0.9998196004698969,0.9999373913318487,0.999827832024683,0.9999131430916395,0.9998689700630543,0.9998605440979669,0.9999151427528178,0.999636767273397,0.9998529632619226,0.9998654617160398,0.999929033799421,0.9998574059803262,0.9998051476423385,0.9999179206089569,0.9999597384319479,0.9998327211173057,0.9998970834581334,0.9998950058910253,0.9994164731751548,0.9997689172663305,0.9998983225360085,0.999938268041389,0.9999263451961169,0.9999111759826316,0.9999497367702413,0.9998074248663428,0.9998942750718508,0.9998295145015544,0.9999148377299213,0.9999169043121179,0.9999713904951724
S060_006,0.9999261256371779,0.9993495458169072,0.9998526904221741,0.9999009002760113,0.9999019213340906,0.999948020630105,0.9999303632744512,0.9998409549848299,0.9999155098937127,0.9999770164938555,0.9998022868660938,0.9998895238206045,0.9998505222736874,0.9999729793510773,0.9999692362088708,0.9998880913833521,0.9998839892222523,0.9999334118518692,1.0,0.9998586350562021,0.9999247694529664,0.9999204305332157,0.999950912658023,0.9997899056924735,0.9999262397646437,0.9998291834051357,0.9999240130577345,0.9999384336223236,0.9999275423681433,0.9999363207954309,0.9999186480340713,0.9999537368553768,0.9999370347343912,0.99998105155049,0.9999126901805515,0.9999184004785405,0.9997012209567544,0.999890850174742,0.9998381708503629,0.9999194476188895,0.9998688400014527,0.9999343236411586,0.9999211638606418,0.9998782526272577,0.9998381652728451,0.9999366194100066,0.9999182427891312,0.9992566593115134,0.9997483050355599,0.9998318795181703,0.9999709082858145,0.999953419217213,0.999901824260209,0.9999795799144306,0.9999553617531732,0.9999475247765899,0.9999308724190981,0.9999590833019903,0.9999545815035659,0.9998792339315489
S062_006,0.9997722744473743,0.9994577864738912,0.9999660424582649,0.9999120439345116,0.9998904178032646,0.99994097736049,0.9999312902590389,0.9998607916593664,0.9999170985460754,0.9998598429281248,0.9998335568021287,0.9999653284344039,0.9998517142373553,0.9998166264471664,0.9998652122805265,0.9999608354616631,0.999762922550223,0.9998507763577869,0.9998586350562021,1.0,0.9998590210105495,0.9998508576872928,0.9998833534239314,0.9996147114887435,0.9998913881733192,0.9995803096285825,0.999943978254058,0.9999701605889256,0.9999073127880391,0.9997688043933421,0.9999391463017044,0.9998610370606817,0.9999153054198548,0.9997944303641979,0.9998665511183793,0.9998537981750987,0.9999434683058244,0.9999285667691595,0.9998331681339426,0.9998075067097532,0.9997921789930257,0.99987280232576,0.9998263414367907,0.9999095204409475,0.9998637137624077,0.9999369200659283,0.9999169525551858,0.9992614966049453,0.9999209320431831,0.9998766339942633,0.9999499693170643,0.9999024496734217,0.9996706879725303,0.9999118035711436,0.9998323995303083,0.9998853100178912,0.9998608546427775,0.9998901263865777,0.9999442757848549,0.999813895578339
S064_006,0.9997405214962839,0.9993460620694641,0.9998246307195128,0.9998881675232673,0.9998208775012248,0.9999056891587361,0.9999070240902391,0.9999001651559472,0.9998629445826833,0.9998848481629424,0.9997578031230382,0.9998981689305132,0.9999240477024612,0.9999561275319706,0.9999560339709859,0.9998559120090458,0.9997253136124045,0.9999062501768623,0.9999247694529664,0.9998590210105495,1.0,0.9997889370796991,0.9999316730761113,0.9995092271397716,0.9999005790076068,0.9995737372680281,0.9998532317161773,0.9999303661721068,0.9998566184894238,0.9999273617401491,0.9999302868299296,0.999907563730415,0.9999655638029546,0.9998621389139276,0.9999437324309299,0.9999357164230507,0.9996563825852289,0.999883115912066,0.999805130030772,0.999892197491513,0.9997851680037368,0.9998662126593741,0.9999552130852211,0.9998532543416536,0.9998242342598566,0.9999290188641502,0.9998754724271116,0.9992106463937487,0.9997611936021985,0.9998767417070274,0.9999170771145084,0.9999146167748025,0.9999043750125977,0.9999666807473262,0.9998607517002773,0.9999216082634915,0.9999229042596528,0.9999633632589204,0.9999207755775762,0.9999318704804525
S065_006,0.9999315521938927,0.9995156959897422,0.9998273472529492,0.9999479746202538,0.9999664473692879,0.9999420203336827,0.9998571372453934,0.9997853351076553,0.9999321841356761,0.9998743021891562,0.9998250460528904,0.9998843800233633,0.999658605767138,0.9998332099507146,0.9998920808478262,0.9998949771196057,0.9998942976908067,0.9998816229987602,0.9999204305332157,0.9998508576872928,0.9997889370796991,1.0,0.9998392756046899,0.9997428788225869,0.9999446505289664,0.9997095140620846,0.9999126707875992,0.9999022156355396,0.9998841790859015,0.9998085780263485,0.9998996922989106,0.999839364627754,0.9998461774473579,0.9999187255422031,0.9997358743371135,0.9998618835012114,0.9997388368629665,0.9999120068222959,0.9998796920248221,0.9998474664931598,0.9997836179553395,0.9998868158634118,0.9998270314624359,0.999825732527801,0.999910966764312,0.9998644789764748,0.9998089220291478,0.9992471966813465,0.9998441279721628,0.9998528810539744,0.9999236860608641,0.9998946481274754,0.9997880293610543,0.9998811227641627,0.9998879732877707,0.9998994624242392,0.999822256014557,0.9998427085868291,0.9999463244417531,0.9998173893744119
S066_006,0.9998229921969686,0.9993662315347573,0.9998959111257998,0.9998753039284247,0.9998791105774151,0.9999313593639833,0.9999810029967763,0.9998678290983888,0.9998703012777024,0.9999503113495402,0.9996677694566087,0.9999401742964843,0.9998744109402671,0.9999715279027069,0.9998972217226907,0.9998349621888026,0.9997203288576268,0.9999005770591989,0.999950912658023,0.9998833534239314,0.9999316730761113,0.9998392756046899,1.0,0.9996910076626258,0.9999292052597432,0.999736102410722,0.999958246447342,0.9999562377928749,0.9999700175330469,0.9999014957960802,0.9999477208171951,0.9999020377766785,0.9999837463987451,0.9998820760696117,0.9999656892245492,0.9998277511557155,0.9997540819620432,0.9998684940840404,0.9998949981988002,0.9998430096881935,0.9998213165705229,0.9998762402869593,0.9999643327450873,0.9998667405681602,0.9997362563160066,0.9999853275839996,0.999891244071545,0.9991264267812386,0.9998000211716156,0.9998782205840702,0.9999625818836859,0.9999677227836178,0.9998566727947497,0.9999510840759603,0.9999296288346194,0.9999062640603561,0.9999302589786285,0.9999854461714102,0.9999174154445989,0.9998772968270208
S067_006,0.9998074561673925,0.9987914510812894,0.9996868831420985,0.9995482677085883,0.9996803275818895,0.9997352419317778,0.9996890102400192,0.9994385082937004,0.9996441395409771,0.9997949822307501,0.9995579134886885,0.9995815893302084,0.9995661647712079,0.9996982114543266,0.9996590227918416,0.999640354130322,0.9998354262182065,0.9996723185711062,0.9997899056924735,0.9996147114887435,0.9995092271397716,0.9997428788225869,0.9996910076626258,1.0,0.9996065051107221,0.9999058846925037,0.9997457740895876,0.9996524505529857,0.9997743150473055,0.9995502119334321,0.9995748444895902,0.9997000732963205,0.9995859321897738,0.9998193268584376,0.9995881025315865,0.9995811728732839,0.9995610219799064,0.9996206429274219,0.9995083644409631,0.9995787081678221,0.9998396280071006,0.9996681452657947,0.999539645218745,0.9996949571042439,0.9994832774774466,0.9996835749524507,0.9997917829657684,0.998875300843005,0.9994406919021022,0.9994011530179581,0.9997791264028144,0.9996637258938555,0.9995702009555665,0.9997157622453728,0.9997302546590427,0.9997207590194682,0.9995756933530121,0.999633113488465,0.9996646569319372,0.9994739836396477
S068_006,0.9998390103047556,0.9995515955448695,0.9998754790577893,0.9999783237220926,0.9999718544737453,0.9999664385042115,0.9999294974145352,0.999894913536702,0.9999294644674119,0.9998772743285326,0.9997555213463729,0.9999657029537793,0.9997600414372723,0.9999086304799046,0.9999090116585629,0.9998777226833176,0.9997736369607749,0.9999226920341462,0.9999262397646437,0.9998913881733192,0.9999005790076068,0.9999446505289664,0.9999292052597432,0.9996065051107221,1.0,0.9996008201436088,0.9999483500959806,0.9999555086247185,0.9999337041103709,0.9998602993013429,0.9999802368340476,0.9998403565761471,0.9999522978195553,0.9998728255375662,0.9998465720212348,0.9998755870446084,0.9997488819810838,0.9999396583557063,0.9999661037710995,0.999856778421821,0.999776099610083,0.9998664897055562,0.9999533052163634,0.9998568686952843,0.9998835977427659,0.9999473712882221,0.9998164854778394,0.9991889003815942,0.999912342181216,0.999963973303061,0.9999461660877806,0.9999478129280526,0.9998663280163647,0.9999200303376474,0.9998897836069996,0.9999229523410553,0.999877588463074,0.9999288528109385,0.9999571864222713,0.9999221342776784
S069_006,0.9998790888155124,0.9989219178364376,0.9996302813825688,0.9995448499278664,0.9996420423946139,0.999673837626295,0.9996994101015712,0.9994949661533499,0.9996884633829387,0.9998855065704372,0.9995658430051617,0.9995697532116227,0.9995538907758873,0.9997494721511408,0.9997096393523387,0.9996483060460869,0.99976824497201,0.999678718227753,0.9998291834051357,0.9995803096285825,0.9995737372680281,0.9997095140620846,0.999736102410722,0.9999058846925037,0.9996008201436088,1.0,0.999725437510143,0.9996653232916607,0.999731906357056,0.9997131099105626,0.9995984146541219,0.9997994515743501,0.9996407013895178,0.9998480103103367,0.9997049598762049,0.9995885370288665,0.9994813205844005,0.9995284292317949,0.9995246903797332,0.9997151978923792,0.9996885625032838,0.9997692445318248,0.9995823833681258,0.9996582447339967,0.9994733836458612,0.9996731580130614,0.999761285986045,0.9991665731310096,0.9993295241868415,0.9994262295218767,0.9997652923961464,0.9997538109986902,0.9995755483206109,0.999744956467204,0.9998212378758334,0.9996496628608664,0.9997270287789998,0.9997245013176342,0.9996955043951276,0.9995005233014235
S071_006,0.9998613213039352,0.9994655500630443,0.9999504338100587,0.9999173504007245,0.9999439218108103,0.9999625494356296,0.9999774111034406,0.9998470715600407,0.9999131925291664,0.9999258037529853,0.999730410857086,0.9999728562226153,0.9998034934731405,0.9998948315826132,0.9998637408951626,0.9998942920663034,0.999773856463955,0.999884892297212,0.9999240130577345,0.999943978254058,0.9998532317161773,0.9999126707875992,0.999958246447342,0.9997457740895876,0.9999483500959806,0.999725437510143,1.0,0.999972460871426,0.9999883406052424,0.9998206798490057,0.9999568511437427,0.999868331475009,0.9999470740673424,0.9998661746650135,0.9998895913500949,0.9998071745267195,0.999878278751848,0.9999133433080077,0.9999275614140497,0.9998098901346967,0.9998256530553754,0.9998823189875614,0.9999007667523175,0.9998883781444048,0.9997996246690157,0.9999773648233734,0.999891862317323,0.9991571053308205,0.9998999665126987,0.9998945304912408,0.9999772906313751,0.999956451163507,0.9997623114355613,0.9999196626446873,0.9999151522408587,0.9999029133634856,0.9998851387344848,0.9999337321986702,0.9999418963405395,0.9998323329486718
S072_006,0.9998529571431221,0.999544205639524,0.9999322942507972,0.9999574174231415,0.9999211577295228,0.9999666940002181,0.9999806456025389,0.9998812085924518,0.9999329223978222,0.9999303536991115,0.9998026072162662,0.9999824159579794,0.9998781818229304,0.9999131797986146,0.999926333614113,0.9999416402023106,0.9997827492774904,0.9998933251076463,0.9999384336223236,0.9999701605889256,0.9999303661721068,0.9999022156355396,0.9999562377928749,0.9996524505529857,0.9999555086247185,0.9996653232916607,0.999972460871426,1.0,0.9999522986879372,0.9998906528244785,0.9999764370469846,0.9999268319467851,0.9999761516290808,0.9998858758947988,0.9999275614420804,0.9998937979556384,0.9998768402427711,0.999951477657658,0.9998976846078149,0.9998668516531727,0.9998076839062858,0.9999342045758202,0.9999225060263889,0.9998891302509123,0.9998796579550707,0.9999809602356113,0.9999108876156206,0.9992278338346425,0.9999066424837534,0.9999171041561127,0.9999802864935791,0.999963087497222,0.999794833213888,0.9999597454956923,0.9999289929598528,0.9999366937081,0.9999409225716468,0.9999630804602725,0.9999807317574012,0.9998717405789349
S073_006,0.9998321307996204,0.9993683090995337,0.9999290488109858,0.9998825950573046,0.9999157761410936,0.9999568600419536,0.9999791353771211,0.9998153922790459,0.9998626646934129,0.9999178600786737,0.9996640501696789,0.9999491038113616,0.9998292697496504,0.9999189602709115,0.9998506292658026,0.9998409667632773,0.9997595683032329,0.9998774396311122,0.9999275423681433,0.9999073127880391,0.9998566184894238,0.9998841790859015,0.9999700175330469,0.9997743150473055,0.9999337041103709,0.999731906357056,0.9999883406052424,0.9999522986879372,1.0,0.999810861613319,0.9999326570506256,0.9998530938266526,0.999942171115934,0.9998709604661934,0.9998892100898651,0.9997905246058041,0.999831387229689,0.999904652988726,0.9999046324190646,0.9997688214529927,0.9998676201199879,0.9998463737855164,0.9999150595807997,0.9998709917715864,0.9997425749764071,0.9999831575816699,0.9998917987779745,0.9990123986460322,0.9998661563981266,0.9998599734836714,0.9999706548112773,0.9999331143698935,0.9998018697655343,0.9999171300156995,0.9999061369512439,0.9999185506560133,0.9998592381792856,0.9999290640337354,0.9999086718729968,0.9998251057358055
S075_006,0.9998674446624094,0.9994970907051922,0.9997025820709453,0.9998590298723015,0.9997732540038375,0.9998269482846552,0.9998780493564486,0.9997789737680857,0.9998388769084453,0.9999331239080543,0.9997041760634676,0.9998186697759474,0.9998055944003021,0.9999239778515217,0.9999310240449318,0.9998109947923748,0.9997117781819458,0.9998196004698969,0.9999363207954309,0.9997688043933421,0.9999273617401491,0.9998085780263485,0.9999014957960802,0.9995502119334321,0.9998602993013429,0.9997131099105626,0.9998206798490057,0.9998906528244785,0.999810861613319,1.0,0.9998649435265284,0.9999571939061134,0.999914608617314,0.9999153841295122,0.9999151597997644,0.9998682163456696,0.9995875141994248,0.9997993451365138,0.9997679463534975,0.9999044320140378,0.9996554119218908,0.9999442727007918,0.9998921132919675,0.9997214366393881,0.9997913494638866,0.9998644010317773,0.9997905109174665,0.9992481483847717,0.9996404856508312,0.9997883222834374,0.9998723923095048,0.9999201033907285,0.999832414550778,0.9999201932085079,0.9999506082391915,0.999850962099653,0.9999765415989643,0.9999475790859171,0.9999096484260774,0.9998133877850253
S076_006,0.9998073647526954,0.9995081287595241,0.9999285855840937,0.9999620827249645,0.9999551261661699,0.9999631295920549,0.9999456614139643,0.9999493872380605,0.999952590509618,0.9998945715882509,0.9997927414327447,0.9999891881089552,0.9998141556343036,0.9999138710185171,0.9999183058280796,0.9999164403596531,0.9997496604405359,0.9999373913318487,0.9999186480340713,0.9999391463017044,0.9999302868299296,0.9998996922989106,0.9999477208171951,0.9995748444895902,0.9999802368340476,0.9995984146541219,0.9999568511437427,0.9999764370469846,0.9999326570506256,0.9998649435265284,1.0,0.9998624157478319,0.9999793922692144,0.9998416103929015,0.9999075849734692,0.9998844384854282,0.9997994504468207,0.9999226241455128,0.9999534366281813,0.9998886519522774,0.9997709969936153,0.9998754322832987,0.999954317272923,0.999908411124628,0.9998735439907047,0.9999642827612385,0.9998643299918911,0.9993128443095073,0.9999113172655469,0.9999781414661614,0.9999595432965077,0.9999712838443116,0.9998336979498504,0.9999424281332064,0.9998776433904822,0.99990361702807,0.9999088315380258,0.9999584337620051,0.9999656404367763,0.9999400114181242
S077_006,0.9999086740714087,0.999430405274531,0.9997982042816539,0.9998588316615397,0.999792000978366,0.9998730719080184,0.9999095437142217,0.9997638366095085,0.9998725469343843,0.9999672101111349,0.9998041596255244,0.9998425110303187,0.999875000146996,0.9999074929753358,0.9999449045527933,0.9998988528608288,0.9998184585863531,0.999827832024683,0.9999537368553768,0.9998610370606817,0.999907563730415,0.999839364627754,0.9999020377766785,0.9997000732963205,0.9998403565761471,0.9997994515743501,0.999868331475009,0.9999268319467851,0.9998530938266526,0.9999571939061134,0.9998624157478319,1.0,0.9999036618832157,0.9999467187534758,0.9999230222922977,0.9998971685626563,0.9997399070669979,0.999848890642283,0.9997234749771445,0.9998998550519004,0.9997658483246961,0.9999814412113575,0.9998364847755199,0.9998020364694821,0.9998267099162692,0.999891078806696,0.9999035526585401,0.9992821682788467,0.9996847357712675,0.9997477421950455,0.9999267045322402,0.9999173503274182,0.9997725739187795,0.9999529957553135,0.9999605602809895,0.9998937339727695,0.9999695905845768,0.9999379334572124,0.9999402343656081,0.9997724384152693
S078_006,0.9997983936220064,0.9994603784802778,0.9999013749044331,0.9999226657239078,0.9998941924917055,0.9999406621791046,0.9999727470291043,0.9999174453469515,0.9999034299998156,0.9999252747861964,0.9997271585370737,0.9999678243162923,0.9998829490424607,0.9999564495983181,0.9999226271301896,0.9998769457772766,0.999710551086252,0.9999131430916395,0.9999370347343912,0.9999153054198548,0.9999655638029546,0.9998461774473579,0.9999837463987451,0.9995859321897738,0.9999522978195553,0.9996407013895178,0.9999470740673424,0.9999761516290808,0.999942171115934,0.999914608617314,0.9999793922692144,0.9999036618832157,1.0,0.9998607169466934,0.9999651011534412,0.9998746519544118,0.9997711772938613,0.9999006176520581,0.999912278747755,0.9998758735119807,0.9997824138468727,0.99988962083797,0.9999762082861304,0.9998777727562398,0.9998102381735099,0.9999826320560408,0.9998805472459529,0.9992127342566837,0.9998499367454179,0.9999332690389435,0.9999586668291265,0.9999730841878736,0.9998573160740852,0.999959601605978,0.9999112153629239,0.999912204579762,0.9999459812819564,0.9999905244022028,0.9999467365148625,0.9999191365041987
S080_006,0.9999508445249451,0.9993381742495139,0.9997661005256636,0.9998656676839157,0.9998512399646378,0.9999047211765567,0.9998730886527928,0.9997309132314708,0.9998663325151469,0.9999500529232423,0.9997900055429906,0.9998098223895352,0.999797110424935,0.9999224050886489,0.9999462415593144,0.999854052014575,0.9999136355418354,0.9998689700630543,0.99998105155049,0.9997944303641979,0.9998621389139276,0.9999187255422031,0.9998820760696117,0.9998193268584376,0.9998728255375662,0.9998480103103367,0.9998661746650135,0.9998858758947988,0.9998709604661934,0.9999153841295122,0.9998416103929015,0.9999467187534758,0.9998607169466934,1.0,0.9998330298254063,0.9999006242333143,0.9996463736884994,0.9998654551463799,0.9997505795056746,0.9998795402286489,0.9998466243955397,0.9999334248488679,0.9998426479753347,0.9998009805383216,0.9998317222872244,0.9998701414440709,0.9998777064541943,0.999177832263611,0.9996757095778356,0.9997343926793058,0.9999277551603827,0.9998899884674821,0.9998618440334248,0.9999392667962002,0.9999476996128489,0.9999315204337863,0.999890183740366,0.9998939310273699,0.9999234532500373,0.9997921794159724
