,S010_001,S010_002,S010_003,S010_005,S010_006,S010_007
S010_001,1.0,0.999747123800569,0.9995892144414293,0.9996239127507306,0.9998473578374804,0.9993029204711679
S010_002,0.999747123800569,1.0,0.9991738468306619,0.9995730914785486,0.9996335046801114,0.9995489909538192
S010_003,0.9995892144414293,0.9991738468306619,1.0,0.9986219227392844,0.9994440695176381,0.9983965916489671
S010_005,0.9996239127507306,0.9995730914785486,0.9986219227392844,1.0,0.9994824242460927,0.9992818941808591
S010_006,0.9998473578374804,0.9996335046801114,0.9994440695176381,0.9994824242460927,1.0,0.9987309631554563
S010_007,0.9993029204711679,0.9995489909538192,0.9983965916489671,0.9992818941808591,0.9987309631554563,1.0
