,S011_001,S011_003,S011_004,S011_005,S011_006,S011_007
S011_001,1.0,0.9999339879390423,0.9999460452009528,0.999385026532139,0.9994862347782288,0.9994049605408257
S011_003,0.9999339879390423,1.0,0.9998951398494967,0.9996020236949037,0.9994004110110334,0.999294707696433
S011_004,0.9999460452009528,0.9998951398494967,1.0,0.9993457486293859,0.9993607584253793,0.9993905476682171
S011_005,0.999385026532139,0.9996020236949037,0.9993457486293859,1.0,0.9987144441164703,0.9992144266499288
S011_006,0.9994862347782288,0.9994004110110334,0.9993607584253793,0.9987144441164703,1.0,0.9989237979590082
S011_007,0.9994049605408257,0.999294707696433,0.9993905476682171,0.9992144266499288,0.9989237979590082,1.0
