,S022_001,S022_002,S022_003,S022_005,S022_006,S022_007
S022_001,1.0,0.9999228791427928,0.9998958685119298,0.9997759512967997,0.9999207207042345,0.9999591812635292
S022_002,0.9999228791427928,1.0,0.9996703641973163,0.9996052148450603,0.9999017792791464,0.9999271916488889
S022_003,0.9998958685119298,0.9996703641973163,1.0,0.9997709129912922,0.9997010290850569,0.9998076758206116
S022_005,0.9997759512967997,0.9996052148450603,0.9997709129912922,1.0,0.9997101981225303,0.9998302397467286
S022_006,0.9999207207042345,0.9999017792791464,0.9997010290850569,0.9997101981225303,1.0,0.9998789329015347
S022_007,0.9999591812635292,0.9999271916488889,0.9998076758206116,0.9998302397467286,0.9998789329015347,1.0
