,S026_001,S026_002,S026_003,S026_005,S026_006,S026_007
S026_001,1.0,0.9994245095649561,0.9997082008385441,0.9999181283935267,0.9997298069041792,0.9995726947127906
S026_002,0.9994245095649561,1.0,0.9996681343838796,0.9994724807273963,0.9995034478246909,0.9987346775680379
S026_003,0.9997082008385441,0.9996681343838796,1.0,0.9998560589354265,0.9997871980892966,0.9994409665400689
S026_005,0.9999181283935267,0.9994724807273963,0.9998560589354265,1.0,0.9999106126221736,0.9995071750148268
S026_006,0.9997298069041792,0.9995034478246909,0.9997871980892966,0.9999106126221736,1.0,0.9991914904042006
S026_007,0.9995726947127906,0.9987346775680379,0.9994409665400689,0.9995071750148268,0.9991914904042006,1.0
