,S032_001,S032_002,S032_004,S032_005,S032_006,S032_007
S032_001,1.0,0.9999130058676228,0.999727771477573,0.9998647602481961,0.9999329247348056,0.9995154197853418
S032_002,0.9999130058676228,1.0,0.999918008055648,0.9997509936619338,0.9999389889492722,0.999705201717593
S032_004,0.999727771477573,0.999918008055648,1.0,0.9996585988931697,0.9998618591927539,0.9998155437707316
S032_005,0.9998647602481961,0.9997509936619338,0.9996585988931697,1.0,0.9999203299628306,0.9993160109301598
S032_006,0.9999329247348056,0.9999389889492722,0.9998618591927539,0.9999203299628306,1.0,0.9996287630170023
S032_007,0.9995154197853418,0.999705201717593,0.9998155437707316,0.9993160109301598,0.9996287630170023,1.0
