,S035_001,S035_002,S035_003,S035_005,S035_006,S035_007
S035_001,1.0,0.9997844853529058,0.9996281805623037,0.9994844282009293,0.9994743214181719,0.9995211257468559
S035_002,0.9997844853529058,1.0,0.9998823640148593,0.9997691986733583,0.9998781174646683,0.9995765472580144
S035_003,0.9996281805623037,0.9998823640148593,1.0,0.9997032596765529,0.9999351455495594,0.9992328261092148
S035_005,0.9994844282009293,0.9997691986733583,0.9997032596765529,1.0,0.9998192656049337,0.9996243784512324
S035_006,0.9994743214181719,0.9998781174646683,0.9999351455495594,0.9998192656049337,1.0,0.9994002570661452
S035_007,0.9995211257468559,0.9995765472580144,0.9992328261092148,0.9996243784512324,0.9994002570661452,1.0
