,S037_001,S037_002,S037_003,S037_005,S037_006,S037_007
S037_001,1.0,0.9995691361147471,0.9998424291739538,0.9995888411700714,0.9997593063607868,0.9982658271340485
S037_002,0.9995691361147471,1.0,0.9996007925369488,0.9995278059131874,0.999745220811782,0.9994234327415625
S037_003,0.9998424291739538,0.9996007925369488,1.0,0.9998528082283631,0.9998669135722099,0.9984176755853446
S037_005,0.9995888411700714,0.9995278059131874,0.9998528082283631,1.0,0.9996533445052967,0.9982844284465366
S037_006,0.9997593063607868,0.999745220811782,0.9998669135722099,0.9996533445052967,1.0,0.9989723330926716
S037_007,0.9982658271340485,0.9994234327415625,0.9984176755853446,0.9982844284465366,0.9989723330926716,1.0
