,S042_001,S042_002,S042_003,S042_005,S042_006,S042_007
S042_001,1.0,0.9997068853088771,0.9996747418039184,0.9997433473012545,0.9999594310733803,0.9998277255020596
S042_002,0.9997068853088771,1.0,0.9991965816808538,0.9999498877471493,0.9996862725941915,0.9995781558045985
S042_003,0.9996747418039184,0.9991965816808538,1.0,0.999352034186428,0.9996770848300882,0.9992041554686377
S042_005,0.9997433473012545,0.9999498877471493,0.999352034186428,1.0,0.9997098475730355,0.9995612084916176
S042_006,0.9999594310733803,0.9996862725941915,0.9996770848300882,0.9997098475730355,1.0,0.9998153562402022
S042_007,0.9998277255020596,0.9995781558045985,0.9992041554686377,0.9995612084916176,0.9998153562402022,1.0
