,S044_001,S044_002,S044_003,S044_005,S044_006,S044_007
S044_001,1.0,0.9997168378379987,0.9999105032040205,0.9994855774178854,0.9998618222079366,0.9998128398149105
S044_002,0.9997168378379987,1.0,0.9997604062263339,0.9994473715839673,0.9998424861822655,0.9994222168218941
S044_003,0.9999105032040205,0.9997604062263339,1.0,0.9996337256355216,0.9998581439772561,0.9999174328528366
S044_005,0.9994855774178854,0.9994473715839673,0.9996337256355216,1.0,0.9995070169766982,0.999441799157451
S044_006,0.9998618222079366,0.9998424861822655,0.9998581439772561,0.9995070169766982,1.0,0.999616242641078
S044_007,0.9998128398149105,0.9994222168218941,0.9999174328528366,0.999441799157451,0.999616242641078,1.0
