,S050_001,S050_003,S050_004,S050_005,S050_006,S050_007
S050_001,1.0,0.9999465889412121,0.9998127666532937,0.9998565618800869,0.9997574173056489,0.9990857995304055
S050_003,0.9999465889412121,1.0,0.999736276742337,0.9998819931326459,0.9999065721768072,0.9988582046593188
S050_004,0.9998127666532937,0.999736276742337,1.0,0.9997804392857003,0.9995442133831186,0.9994970868608722
S050_005,0.9998565618800869,0.9998819931326459,0.9997804392857003,1.0,0.9997615538977426,0.9992545470500532
S050_006,0.9997574173056489,0.9999065721768072,0.9995442133831186,0.9997615538977426,1.0,0.9983918324041309
S050_007,0.9990857995304055,0.9988582046593188,0.9994970868608722,0.9992545470500532,0.9983918324041309,1.0
