,S067_001,S067_002,S067_003,S067_005,S067_006,S067_007
S067_001,1.0,0.9998469013606978,0.999265261741709,0.9996304848165248,0.9995107301134974,0.9998147662588066
S067_002,0.9998469013606978,1.0,0.9995589042755965,0.9998428972660827,0.9996054294282519,0.9996517819721632
S067_003,0.999265261741709,0.9995589042755965,1.0,0.9996538253523934,0.9993431992648931,0.9990713629967093
S067_005,0.9996304848165248,0.9998428972660827,0.9996538253523934,1.0,0.9997343532471948,0.9994966623042653
S067_006,0.9995107301134974,0.9996054294282519,0.9993431992648931,0.9997343532471948,1.0,0.9993848986096983
S067_007,0.9998147662588066,0.9996517819721632,0.9990713629967093,0.9994966623042653,0.9993848986096983,1.0
