,S071_001,S071_002,S071_003,S071_005,S071_006,S071_007
S071_001,1.0,0.9998064240351443,0.9997101959780819,0.9998516631632802,0.9997837861505081,0.997458376886378
S071_002,0.9998064240351443,1.0,0.9997200813632777,0.9997709611056153,0.9998464621644911,0.9972386471583896
S071_003,0.9997101959780819,0.9997200813632777,1.0,0.9994150535775975,0.9996005000180417,0.9980289938761523
S071_005,0.9998516631632802,0.9997709611056153,0.9994150535775975,1.0,0.9999244348377125,0.9976004801351971
S071_006,0.9997837861505081,0.9998464621644911,0.9996005000180417,0.9999244348377125,1.0,0.9980754213981458
S071_007,0.997458376886378,0.9972386471583896,0.9980289938761523,0.9976004801351971,0.9980754213981458,1.0
