,S075_001,S075_002,S075_003,S075_005,S075_006,S075_007
S075_001,1.0,0.9986513900609736,0.9999569057449995,0.9999788154410406,0.9998517034248978,0.9996439799955535
S075_002,0.9986513900609736,1.0,0.9982006293938036,0.9987514670085713,0.9989450433057876,0.997988169573487
S075_003,0.9999569057449995,0.9982006293938036,1.0,0.999941145392866,0.9997478351124067,0.9997336820210704
S075_005,0.9999788154410406,0.9987514670085713,0.999941145392866,1.0,0.999834261270137,0.9996555350749795
S075_006,0.9998517034248978,0.9989450433057876,0.9997478351124067,0.999834261270137,1.0,0.9994985533419348
S075_007,0.9996439799955535,0.997988169573487,0.9997336820210704,0.9996555350749795,0.9994985533419348,1.0
