,S077_001,S077_002,S077_003,S077_005,S077_006,S077_007
S077_001,1.0,0.999918152792338,0.9999412837207432,0.999936641784406,0.9999575659246551,0.9992428283689808
S077_002,0.999918152792338,1.0,0.9999235761709004,0.9998309923878204,0.9998369307210315,0.9992079944815454
S077_003,0.9999412837207432,0.9999235761709004,1.0,0.9998737142931114,0.9998881231467255,0.9993274599502665
S077_005,0.999936641784406,0.9998309923878204,0.9998737142931114,1.0,0.9998873560719326,0.9990308617795319
S077_006,0.9999575659246551,0.9998369307210315,0.9998881231467255,0.9998873560719326,1.0,0.9992040436707998
S077_007,0.9992428283689808,0.9992079944815454,0.9993274599502665,0.9990308617795319,0.9992040436707998,1.0
