,S078_001,S078_002,S078_003,S078_005,S078_006,S078_007
S078_001,1.0,0.9995563741790725,0.9997676132921173,0.9998919083626394,0.9998948108774339,0.9998581969214787
S078_002,0.9995563741790725,1.0,0.9996754910431233,0.9997002484076517,0.9997876207784292,0.9998439565585029
S078_003,0.9997676132921173,0.9996754910431233,1.0,0.9999272334114828,0.9999063513568527,0.9997730546567942
S078_005,0.9998919083626394,0.9997002484076517,0.9999272334114828,1.0,0.9999142360311318,0.9998177455022218
S078_006,0.9998948108774339,0.9997876207784292,0.9999063513568527,0.9999142360311318,1.0,0.9998937058670556
S078_007,0.9998581969214787,0.9998439565585029,0.9997730546567942,0.9998177455022218,0.9998937058670556,1.0
