,S087_001,S087_002,S087_003,S087_005,S087_006,S087_007
S087_001,1.0,0.9999508365738935,0.9997273674313979,0.9994229009469192,0.999850590945478,0.9996704504221131
S087_002,0.9999508365738935,1.0,0.999811332150358,0.9994588110147357,0.9998868283776401,0.9995333856394781
S087_003,0.9997273674313979,0.999811332150358,1.0,0.9994500987154609,0.9998498521347159,0.9990346704780407
S087_005,0.9994229009469192,0.9994588110147357,0.9994500987154609,1.0,0.9990482772371212,0.9984636227977919
S087_006,0.999850590945478,0.9998868283776401,0.9998498521347159,0.9990482772371212,1.0,0.9995563131644023
S087_007,0.9996704504221131,0.9995333856394781,0.9990346704780407,0.9984636227977919,0.9995563131644023,1.0
