,S095_002,S095_003,S095_004,S095_005,S095_006,S095_007
S095_002,1.0,0.9999023358915742,0.9998235446105739,0.9997623583890279,0.9999329422465492,0.9987217404204874
S095_003,0.9999023358915742,1.0,0.9996141914704337,0.999520314966602,0.9997604255710784,0.9982489258865821
S095_004,0.9998235446105739,0.9996141914704337,1.0,0.999660241872341,0.9999083388283341,0.9990845717195537
S095_005,0.9997623583890279,0.999520314966602,0.999660241872341,1.0,0.99972378435753,0.999341381821925
S095_006,0.9999329422465492,0.9997604255710784,0.9999083388283341,0.99972378435753,1.0,0.9990646309776845
S095_007,0.9987217404204874,0.9982489258865821,0.9990845717195537,0.999341381821925,0.9990646309776845,1.0
