,S113_001,S113_002,S113_004,S113_005,S113_006,S113_007
S113_001,1.0,0.9999409641948304,0.9997875088928352,0.9998376641589675,0.9997995889081912,0.9998164067027987
S113_002,0.9999409641948304,1.0,0.9996645635306516,0.9998571442254435,0.9996667358070975,0.9996843955698461
S113_004,0.9997875088928352,0.9996645635306516,1.0,0.9996938809792845,0.9999230066814184,0.9999476242292153
S113_005,0.9998376641589675,0.9998571442254435,0.9996938809792845,1.0,0.9997449669762808,0.9997428011749901
S113_006,0.9997995889081912,0.9996667358070975,0.9999230066814184,0.9997449669762808,1.0,0.9999227394946378
S113_007,0.9998164067027987,0.9996843955698461,0.9999476242292153,0.9997428011749901,0.9999227394946378,1.0
