,S010_001,S010_002,S010_003,S010_005,S010_006,S010_007
S010_001,1.0,0.9997512050218339,0.9993382809802406,0.9989567679616932,0.9995473583192034,0.9979685008883291
S010_002,0.9997512050218339,1.0,0.9985920462909941,0.9993732411871644,0.9995992785247256,0.9991027896147271
S010_003,0.9993382809802406,0.9985920462909941,1.0,0.9975711229110591,0.9984795691132495,0.9955882757043427
S010_005,0.9989567679616932,0.9993732411871644,0.9975711229110591,1.0,0.9996022080314715,0.9989744216593797
S010_006,0.9995473583192034,0.9995992785247256,0.9984795691132495,0.9996022080314715,1.0,0.9985745868138758
S010_007,0.9979685008883291,0.9991027896147271,0.9955882757043427,0.9989744216593797,0.9985745868138758,1.0
