,S011_001,S011_003,S011_004,S011_005,S011_006,S011_007
S011_001,1.0,0.9999163461315055,0.9999246267195367,0.9997447125073363,0.9992109016649582,0.9994722588888818
S011_003,0.9999163461315055,1.0,0.999938666891198,0.9996529275684665,0.9996018483048036,0.9993727711253635
S011_004,0.9999246267195367,0.999938666891198,1.0,0.9996435564717577,0.9995173427036226,0.9994886317169305
S011_005,0.9997447125073363,0.9996529275684665,0.9996435564717577,1.0,0.9987298312971024,0.9993710513268642
S011_006,0.9992109016649582,0.9996018483048036,0.9995173427036226,0.9987298312971024,1.0,0.9988551136680064
S011_007,0.9994722588888818,0.9993727711253635,0.9994886317169305,0.9993710513268642,0.9988551136680064,1.0
