,S026_001,S026_002,S026_003,S026_005,S026_006,S026_007
S026_001,1.0,0.9998049552576637,0.999793947051724,0.9997899854276991,0.9998821486173727,0.9997387237372929
S026_002,0.9998049552576637,1.0,0.9999911546741105,0.9997546530898649,0.9997464203885614,0.9996851740380789
S026_003,0.999793947051724,0.9999911546741105,1.0,0.9997944918473951,0.9997706132020335,0.9997428907821065
S026_005,0.9997899854276991,0.9997546530898649,0.9997944918473951,1.0,0.9997934020953227,0.9997830169131285
S026_006,0.9998821486173727,0.9997464203885614,0.9997706132020335,0.9997934020953227,1.0,0.999649504468301
S026_007,0.9997387237372929,0.9996851740380789,0.9997428907821065,0.9997830169131285,0.999649504468301,1.0
