,S032_001,S032_002,S032_004,S032_005,S032_006,S032_007
S032_001,1.0,0.9999214994693834,0.9997953286608766,0.9998748648971674,0.9998942364014128,0.9997996433059945
S032_002,0.9999214994693834,1.0,0.999888365296835,0.9997880369226452,0.9998106147794724,0.9997458162671211
S032_004,0.9997953286608766,0.999888365296835,1.0,0.9995171775474735,0.999630852837109,0.9995141336124035
S032_005,0.9998748648971674,0.9997880369226452,0.9995171775474735,1.0,0.9999459770048158,0.9999243940641231
S032_006,0.9998942364014128,0.9998106147794724,0.999630852837109,0.9999459770048158,1.0,0.9999703427598181
S032_007,0.9997996433059945,0.9997458162671211,0.9995141336124035,0.9999243940641231,0.9999703427598181,1.0
