,S035_001,S035_002,S035_003,S035_005,S035_006,S035_007
S035_001,1.0,0.9996639973589969,0.9999395165525801,0.9997611540898093,0.999084075824479,0.9994997686411716
S035_002,0.9996639973589969,1.0,0.9998373845322766,0.9997553899696545,0.9997664142159728,0.9987710734132504
S035_003,0.9999395165525801,0.9998373845322766,1.0,0.9998969006689366,0.9993344077999825,0.9993660009410944
S035_005,0.9997611540898093,0.9997553899696545,0.9998969006689366,1.0,0.9991752115809431,0.9994727584427999
S035_006,0.999084075824479,0.9997664142159728,0.9993344077999825,0.9991752115809431,1.0,0.9976043100371506
S035_007,0.9994997686411716,0.9987710734132504,0.9993660009410944,0.9994727584427999,0.9976043100371506,1.0
