,S037_001,S037_002,S037_003,S037_005,S037_006,S037_007
S037_001,1.0,0.9997036808476971,0.9997598712274187,0.9995181784146101,0.999914601290482,0.9997990958963894
S037_002,0.9997036808476971,1.0,0.9995244456482857,0.9996913167273893,0.9997216078547554,0.9998350754059786
S037_003,0.9997598712274187,0.9995244456482857,1.0,0.999628698557486,0.9999024632883221,0.9997804967252695
S037_005,0.9995181784146101,0.9996913167273893,0.999628698557486,1.0,0.999651881220374,0.999509928719302
S037_006,0.999914601290482,0.9997216078547554,0.9999024632883221,0.999651881220374,1.0,0.9998687495830756
S037_007,0.9997990958963894,0.9998350754059786,0.9997804967252695,0.999509928719302,0.9998687495830756,1.0
