,S042_001,S042_002,S042_003,S042_005,S042_006,S042_007
S042_001,1.0,0.9990368034131599,0.9998234300082303,0.9996636432959676,0.9999126101356275,0.9999283787713822
S042_002,0.9990368034131599,1.0,0.9989284529155491,0.9997684494947553,0.999285962693708,0.998796502494166
S042_003,0.9998234300082303,0.9989284529155491,1.0,0.9994694670986456,0.9997404281368824,0.9996254384438465
S042_005,0.9996636432959676,0.9997684494947553,0.9994694670986456,1.0,0.9998401400866751,0.999558813416833
S042_006,0.9999126101356275,0.999285962693708,0.9997404281368824,0.9998401400866751,1.0,0.9998175006417904
S042_007,0.9999283787713822,0.998796502494166,0.9996254384438465,0.999558813416833,0.9998175006417904,1.0
