,S044_001,S044_002,S044_003,S044_005,S044_006,S044_007
S044_001,1.0,0.9994279868824617,0.9998902968239752,0.999686990484724,0.9997189193236834,0.9999663180838871
S044_002,0.9994279868824617,1.0,0.9989120437206992,0.999579109945137,0.9998676722813872,0.9994189446329866
S044_003,0.9998902968239752,0.9989120437206992,1.0,0.9993474675757852,0.9994046102477953,0.9998971892489029
S044_005,0.999686990484724,0.999579109945137,0.9993474675757852,1.0,0.9996064404999367,0.9996880832245947
S044_006,0.9997189193236834,0.9998676722813872,0.9994046102477953,0.9996064404999367,1.0,0.9996893826143116
S044_007,0.9999663180838871,0.9994189446329866,0.9998971892489029,0.9996880832245947,0.9996893826143116,1.0
