,S067_001,S067_002,S067_003,S067_005,S067_006,S067_007
S067_001,1.0,0.9996081860622978,0.9972920379786534,0.9989290836096896,0.9998100413250588,0.9998150492800643
S067_002,0.9996081860622978,1.0,0.9987949434719773,0.9997714658029171,0.9996571469816876,0.9997437715689611
S067_003,0.9972920379786534,0.9987949434719773,1.0,0.9994949553969085,0.997652807034108,0.9979159138059321
S067_005,0.9989290836096896,0.9997714658029171,0.9994949553969085,1.0,0.9992423235759366,0.999182856404002
S067_006,0.9998100413250588,0.9996571469816876,0.997652807034108,0.9992423235759366,1.0,0.9996439809101877
S067_007,0.9998150492800643,0.9997437715689611,0.9979159138059321,0.999182856404002,0.9996439809101877,1.0
