,S071_001,S071_002,S071_003,S071_005,S071_006,S071_007
S071_001,1.0,0.9992339269394164,0.9997856595046171,0.9998534424545527,0.9996490117432946,0.9973723609059412
S071_002,0.9992339269394164,1.0,0.9993566591570889,0.9990534103481754,0.9998710803070338,0.9985890264334726
S071_003,0.9997856595046171,0.9993566591570889,1.0,0.9994864926109287,0.9997699264070964,0.9983305352527503
S071_005,0.9998534424545527,0.9990534103481754,0.9994864926109287,1.0,0.9994432454930218,0.9968243712448914
S071_006,0.9996490117432946,0.9998710803070338,0.9997699264070964,0.9994432454930218,1.0,0.9986761466617275
S071_007,0.9973723609059412,0.9985890264334726,0.9983305352527503,0.9968243712448914,0.9986761466617275,1.0
