,S075_001,S075_002,S075_003,S075_005,S075_006,S075_007
S075_001,1.0,0.9987347338158258,0.9997496433313156,0.9999061907614255,0.9999831577705868,0.9989318456560645
S075_002,0.9987347338158258,1.0,0.997951405213358,0.9986717145671445,0.9986276756612695,0.9968025690493181
S075_003,0.9997496433313156,0.997951405213358,1.0,0.999871105361271,0.9997488391947046,0.9996917956168794
S075_005,0.9999061907614255,0.9986717145671445,0.999871105361271,1.0,0.9998453590850883,0.9992728591098948
S075_006,0.9999831577705868,0.9986276756612695,0.9997488391947046,0.9998453590850883,1.0,0.9989494131829108
S075_007,0.9989318456560645,0.9968025690493181,0.9996917956168794,0.9992728591098948,0.9989494131829108,1.0
