,S077_001,S077_002,S077_003,S077_005,S077_006,S077_007
S077_001,1.0,0.9999503264065946,0.9996843499078678,0.9999627183761568,0.9999406424769874,0.999113629277042
S077_002,0.9999503264065946,1.0,0.9997403154715125,0.9999684641956942,0.999952521227165,0.9992572976490539
S077_003,0.9996843499078678,0.9997403154715125,1.0,0.9997838736972696,0.9997890822280607,0.9995820068728984
S077_005,0.9999627183761568,0.9999684641956942,0.9997838736972696,1.0,0.9999372986666799,0.9993804914838753
S077_006,0.9999406424769874,0.999952521227165,0.9997890822280607,0.9999372986666799,1.0,0.9993064986827541
S077_007,0.999113629277042,0.9992572976490539,0.9995820068728984,0.9993804914838753,0.9993064986827541,1.0
