,S078_001,S078_002,S078_003,S078_005,S078_006,S078_007
S078_001,1.0,0.9995484057596652,0.9995711902074266,0.999890826586266,0.9999196169717645,0.9997954235587797
S078_002,0.9995484057596652,1.0,0.9990448028335485,0.9996350552812836,0.9996236236758488,0.9996913622650608
S078_003,0.9995711902074266,0.9990448028335485,1.0,0.9997937038962383,0.9995827494831561,0.9995529120008728
S078_005,0.999890826586266,0.9996350552812836,0.9997937038962383,1.0,0.9999102520289759,0.9999257386984053
S078_006,0.9999196169717645,0.9996236236758488,0.9995827494831561,0.9999102520289759,1.0,0.9998898020054762
S078_007,0.9997954235587797,0.9996913622650608,0.9995529120008728,0.9999257386984053,0.9998898020054762,1.0
