,S087_001,S087_002,S087_003,S087_005,S087_006,S087_007
S087_001,1.0,0.9999310350014201,0.9997814479580699,0.9990655932630155,0.9999257004989603,0.9985766239232615
S087_002,0.9999310350014201,1.0,0.9997874758193354,0.9991202193639294,0.9999498740541225,0.998485310786403
S087_003,0.9997814479580699,0.9997874758193354,1.0,0.9996999662651933,0.9998564149013393,0.9974210122489469
S087_005,0.9990655932630155,0.9991202193639294,0.9996999662651933,1.0,0.9991766042008856,0.9956764247765344
S087_006,0.9999257004989603,0.9999498740541225,0.9998564149013393,0.9991766042008856,1.0,0.9982905011726955
S087_007,0.9985766239232615,0.998485310786403,0.9974210122489469,0.9956764247765344,0.9982905011726955,1.0
