,S110_001,S110_002,S110_004,S110_005,S110_006,S110_007
S110_001,1.0,0.9999723137717076,0.9999080271216038,0.9998875816373755,0.9989429476592115,0.998493104816484
S110_002,0.9999723137717076,1.0,0.9999354149469212,0.9998595311200779,0.9990571277930648,0.9987334794778134
S110_004,0.9999080271216038,0.9999354149469212,1.0,0.9998288421176179,0.9991839663006405,0.9990171773435883
S110_005,0.9998875816373755,0.9998595311200779,0.9998288421176179,1.0,0.9991851334104983,0.9987835736306848
S110_006,0.9989429476592115,0.9990571277930648,0.9991839663006405,0.9991851334104983,1.0,0.9989438964742815
S110_007,0.998493104816484,0.9987334794778134,0.9990171773435883,0.9987835736306848,0.9989438964742815,1.0
