,S113_001,S113_002,S113_004,S113_005,S113_006,S113_007
S113_001,1.0,0.9992329763519557,0.9999125530167929,0.999921015800666,0.999732425491002,0.9998739260670981
S113_002,0.9992329763519557,1.0,0.9991111576805052,0.999300889092505,0.9998042704534907,0.9987062498130181
S113_004,0.9999125530167929,0.9991111576805052,1.0,0.9998852914643628,0.9996192939575897,0.9998278228329789
S113_005,0.999921015800666,0.999300889092505,0.9998852914643628,1.0,0.9997946985417381,0.999743907680033
S113_006,0.999732425491002,0.9998042704534907,0.9996192939575897,0.9997946985417381,1.0,0.9994317153791394
S113_007,0.9998739260670981,0.9987062498130181,0.9998278228329789,0.999743907680033,0.9994317153791394,1.0
