,S010_007,S011_007,S014_007,S022_007,S026_007,S032_007,S034_007,S035_007,S037_007,S042_007,S044_007,S045_007,S050_007,S051_007,S052_007,S053_007,S055_007,S056_007,S057_007,S058_007,S059_007,S060_007,S061_007,S062_007,S063_007,S064_007,S065_007,S066_007,S067_007,S068_007,S069_007,S070_007,S071_007,S073_007,S074_007,S075_007,S076_007,S077_007,S078_007,S079_007,S080_007,S081_007,S082_007,S084_007,S085_007,S086_007,S087_007,S088_007,S089_007,S090_007,S092_007,S094_007,S095_007,S097_007,S099_007,S100_007,S101_007,S102_007,S103_007,S105_007,S106_007,S107_007,S110_007,S111_007,S113_007,S114_007,S116_007,S117_007,S119_007,S121_007,S122_007,S124_007
S010_007,1.0,0.9996908672682814,0.9999192598368504,0.9998049888664957,0.999908575131577,0.9994661606107181,0.9995946051208409,0.9998385735764408,0.9995660186306845,0.9990727462162307,0.9997040487395316,0.9994165362197416,0.9995719545364543,0.9997183261013706,0.9998166887208545,0.9997959530099928,0.9996753438315131,0.9993549042399384,0.9997336880586258,0.9996711056781384,0.9998773310441955,0.9993557165680174,0.9998882376191193,0.9998150425798624,0.9994271170110829,0.9998594526707444,0.9998170910576696,0.9997894972604737,0.9988334032727912,0.9996305510232878,0.9997651569379338,0.9997354288034743,0.9997783440410388,0.9997760156828364,0.9996430063951128,0.9997228643436001,0.9995165181681087,0.9998007062666338,0.9996180394170605,0.9988128749582191,0.9996975156590396,0.99922356085603,0.9993170382307229,0.999536468078467,0.9996316595472475,0.9997327925942944,0.9972676868482034,0.9995006914745224,0.9998430741256621,0.999513094474762,0.9998425280923959,0.9996588738303027,0.9999033393989675,0.9991580761299879,0.9997583795878923,0.9995404541734965,0.9994941017210424,0.9998795955241474,0.9997844165425902,0.999657542639286,0.99965962640167,0.998824507083278,0.9996221401528192,0.9998885840314037,0.9994435195885513,0.9986634854655185,0.9998550998862077,0.9996678304454643,0.9995310527508631,0.999561579609171,0.9997297453658958,0.9998276844557598
S011_007,0.9996908672682814,1.0,0.9997137076589697,0.9997475615531253,0.9997254172770894,0.999821702406084,0.9999311804947817,0.9999272679769455,0.998743359951042,0.9996857493874095,0.9998994533373805,0.999934644562901,0.9998948047755861,0.9991519323390327,0.9994929196891926,0.9995828564067786,0.9992326848762731,0.9984507940633193,0.9999677669123698,0.9988961603528329,0.999337127997159,0.9997619361173071,0.999818242411921,0.9998014455507191,0.9994802369933399,0.9998428886300575,0.9995405822762468,0.9998686733935712,0.999654996186884,0.9999291146022335,0.9998887134264048,0.9997873091127084,0.9995609827770098,0.9999731867695071,0.9999093718675467,0.9996901889086006,0.9996629458282611,0.9999262404591321,0.9998917500670067,0.9996113759555592,0.9998574467996993,0.9981682528479371,0.9997514598383186,0.9999441089546234,0.9992662218739413,0.9999155745961722,0.9987185400057267,0.9988506918155468,0.9997107494605495,0.9998426907829654,0.9993961384230323,0.9999474907946166,0.999869901209381,0.9997540093220327,0.9999306856626313,0.9987879418526119,0.9986197866445427,0.9998996903845997,0.9998216092143624,0.9999181891543457,0.9991853883474751,0.9990744459404225,0.9996977905185782,0.9998424170469655,0.9999433405825181,0.9994991044329689,0.9999183183346732,0.9995085250587511,0.9997169987874768,0.9999518514794314,0.9998942489167449,0.9998386680036344
S014_007,0.9999192598368504,0.9997137076589697,1.0,0.9998569375035049,0.9999236968884656,0.9996687870737938,0.9996997366435028,0.9998989997531184,0.9995001599008435,0.9991907660351874,0.9998008113328272,0.9994755822109533,0.9996734496371256,0.9995569476099282,0.9998872059483657,0.9999203110184177,0.9997820347208984,0.9992941484119565,0.9997815145209124,0.9994898186359333,0.9998883172261704,0.999543261949288,0.9999453226748077,0.9999065555154663,0.9995757117422772,0.9998880813923238,0.99989845385459,0.9998482366722511,0.9990128637167568,0.9997131256667766,0.9998329037973923,0.9996773986036436,0.9998238902564887,0.999811651411786,0.9997885612548734,0.999600387098615,0.9996578110565556,0.9998717612112561,0.9997394262984659,0.9989080090918684,0.9998524796513482,0.9991487380250551,0.9994326431292871,0.9996339864135876,0.9997335510779278,0.999846755983605,0.997540496399174,0.9995711284295914,0.9999087757931686,0.9996681530122208,0.9998207000212086,0.9997208313077475,0.9999283895245914,0.9994099864098528,0.9997896814141046,0.9995469963144342,0.999433511594901,0.9999138284709822,0.9998805415789345,0.9997384341055905,0.9995583992184081,0.998815863536297,0.999700066853168,0.9999512790607601,0.9995183172712447,0.9988203608254415,0.9998501137128434,0.9996582154086485,0.9994787059884978,0.9996373660742403,0.9997868682742322,0.9998580513645338
S022_007,0.9998049888664957,0.9997475615531253,0.9998569375035049,1.0,0.9999260476711106,0.9998105326620773,0.9998530306220862,0.9998217111013016,0.9992485273818343,0.9995093264392787,0.9999054332661226,0.9996248702663144,0.999620961358462,0.9991980310298354,0.9996577282158577,0.9997811411683424,0.9996551225389507,0.999049516278354,0.9998343526381572,0.9990790085374315,0.9996302065132052,0.9996934955053407,0.9997891534001087,0.9997034823473018,0.9998766489780873,0.9999000331855745,0.9998402250607015,0.9999256953026324,0.9990104042735793,0.9995965124899285,0.999647826088547,0.9997539403139731,0.9998695545042484,0.999867591446948,0.9997690190632917,0.9997058868337989,0.9999076325621393,0.9999105185625133,0.9998950735806084,0.99918434994936,0.9997903737815217,0.9988459609139212,0.9991625179294066,0.9997321978720083,0.9997576821500328,0.9999100542334396,0.9976898580497071,0.9995051778091089,0.9999567118869986,0.9998696154266912,0.9995131097656864,0.9995971560942842,0.9999405162094751,0.999612424736178,0.9996327034377225,0.9992269828024304,0.9989477177909662,0.9997793553703163,0.9999604163709586,0.9998687189942156,0.9997436606106109,0.9982094246201377,0.9993777222991779,0.9998120630118733,0.9995533375205192,0.9991599260950167,0.9997109678079502,0.9992010957567005,0.9993407022736982,0.9997366617223465,0.9995802106184131,0.9999812044892119
S026_007,0.999908575131577,0.9997254172770894,0.9999236968884656,0.9999260476711106,1.0,0.9996869487910852,0.9997542537102886,0.999874591290581,0.9995694171919596,0.9992429929517704,0.9998401582393331,0.9995036805114005,0.9995449696618544,0.9995417741672173,0.9998545320935639,0.9998864421749766,0.9998068279353092,0.9993985601710734,0.9998116369723692,0.9994461827277342,0.999817617431842,0.9995694456081222,0.9999147518946682,0.9997873938016698,0.9997105516575958,0.9998856906336585,0.9999479197014991,0.9999008574620297,0.9989773786910289,0.9996803444357716,0.9997117011961643,0.9997130123135058,0.9999338564515192,0.9998107010531097,0.9997232748465629,0.9995856711469354,0.999774227404322,0.999892962571583,0.9997868985498547,0.9989528692333633,0.9998026963333866,0.9992116141014472,0.9992230284938636,0.9996325968810753,0.9998494951200488,0.9998534960972858,0.9973798233615527,0.9996725166580486,0.99993657502843,0.999739994925728,0.9997428625921919,0.9996478316738441,0.9999582593257922,0.9994488698078087,0.9997291387071645,0.9995536720357632,0.9993317076511872,0.9998736701246834,0.9999159877227713,0.9997587725837356,0.9997221439006891,0.9985347411265388,0.9995252642384794,0.9998978007160408,0.9995023159065722,0.9988729370109719,0.9997648815820499,0.999461408839771,0.9993529671900991,0.999620853015769,0.9996610042112068,0.9998993642934673
S032_007,0.9994661606107181,0.999821702406084,0.9996687870737938,0.9998105326620773,0.9996869487910852,1.0,0.999956121690166,0.999811527288432,0.9986493048215143,0.9998010518089815,0.9999554511836267,0.9998477690162433,0.9997662848755233,0.9987940573168022,0.9994180232534501,0.9996403378504621,0.9993636188019049,0.9984161696103591,0.9998772299453444,0.9984409477721121,0.9992319328491911,0.999948492883273,0.9996778409137851,0.9996728289050488,0.9997936549395205,0.999795081596793,0.9995776516314154,0.9998988564407176,0.9995666313837814,0.999724718529345,0.9997103720032491,0.9996142479993932,0.9995544333941783,0.9998650644851349,0.9999126071097407,0.9995026172601165,0.999909201309751,0.9999041733627136,0.9999658974989614,0.9996261836773679,0.9998799816298752,0.9980118265614271,0.999452530649851,0.9999245815128304,0.9994159285776023,0.9999520250370824,0.9986508474150401,0.999021509171254,0.9997937506326703,0.9999735287011078,0.9991085993042131,0.9997059691211453,0.9997991577843633,0.9999356546843204,0.9996843293725621,0.9986439539098391,0.9983200962021195,0.9997082845972006,0.9999033638638044,0.9999435135113262,0.9991680253433077,0.9983922122579271,0.9994232013548359,0.999727549308253,0.9998152404749281,0.999647264464653,0.9996560490333095,0.9990600337839054,0.9992499152160917,0.9998904854895794,0.9996409183623067,0.9998227178544373
S034_007,0.9995946051208409,0.9999311804947817,0.9996997366435028,0.9998530306220862,0.9997542537102886,0.999956121690166,1.0,0.9998680200507696,0.99870036663631,0.9998158626694923,0.9999693139475688,0.9999246071601632,0.9998058618530089,0.9989126419006458,0.9994371040389814,0.9996032993127918,0.9993058164372747,0.9984364320654366,0.9999414314964522,0.9986410699894478,0.9992736468958902,0.9998748972199015,0.9997472832201639,0.9996993717432977,0.9997540793187908,0.9998300236266356,0.9995930593630683,0.9999233882076854,0.9995700678649121,0.9998216749229154,0.9997612874003279,0.999772545546397,0.9996325289265923,0.9999531458999172,0.9999282602254979,0.9996369847760402,0.999873004926698,0.9999409730586388,0.9999915432665734,0.9996633947201679,0.9998592623635988,0.9981277700267235,0.9995308534159862,0.9999587794787861,0.9994051722837527,0.9999681864068566,0.9986491434025093,0.9989820929629374,0.9998012926933608,0.9999751590502411,0.9992404993323692,0.9998152631302452,0.9998654092555944,0.9998987279896426,0.999784289420112,0.9987340454983481,0.9984245047022414,0.9998043318973139,0.9999036181748912,0.9999723098271863,0.9993110647980816,0.9985794868296934,0.9994802213123913,0.9997743883072245,0.9998823526821002,0.999626445239743,0.9997753904883234,0.9992118965051351,0.9994961505414947,0.999951617109981,0.9997306294308226,0.9998975177184799
S035_007,0.9998385735764408,0.9999272679769455,0.9998989997531184,0.9998217111013016,0.999874591290581,0.999811527288432,0.9998680200507696,1.0,0.9992067426239352,0.9994649078843854,0.9999088717452566,0.9997708644155869,0.9998692947855157,0.9994740841949611,0.9997952167206888,0.9998497579193003,0.9996032892228539,0.998976172050351,0.9999618157303218,0.9992513342775579,0.999668235100005,0.999758660496264,0.9999611456064377,0.9999528765164724,0.9995288970728375,0.9999392000045458,0.9997918045780722,0.9999166302960093,0.9995054689921206,0.9999162935060321,0.99995162303181,0.9997072285382748,0.999733838576782,0.9999358100782453,0.9998978095569202,0.9996325418490378,0.9996983791108515,0.9999707593333925,0.9998556369230133,0.9993192699743213,0.9999602452211924,0.9986928049146974,0.9997026216248944,0.9998567773728364,0.9995656279754007,0.9999403061503718,0.998255459779079,0.9992809015761707,0.9998381560639348,0.999812821836687,0.9996659418796374,0.9999151406355827,0.9999585970139424,0.9996651958637858,0.9999554245135065,0.9992199074024197,0.9991051420783535,0.9999763228824216,0.9999092480636416,0.9998769099975343,0.9993111515747136,0.9991215735758008,0.9998352534875947,0.9999812766004041,0.9998196791913665,0.9992230015318943,0.9999419134843472,0.9996711174170895,0.9995995691310728,0.9998423753130258,0.9999291518335759,0.9998618057094043
S037_007,0.9995660186306845,0.998743359951042,0.9995001599008435,0.9992485273818343,0.9995694171919596,0.9986493048215143,0.99870036663631,0.9992067426239352,1.0,0.9977638017142353,0.9989648078888156,0.9982493817322571,0.9985666483333803,0.9997283068916787,0.99974386563194,0.9996152034037799,0.9998077257179493,0.9999740841650336,0.9989574231701065,0.9997486091933184,0.9998264557316595,0.9985531252016111,0.999434812155003,0.9992702079230904,0.9988629615571233,0.9992821589211013,0.9996958256516892,0.9991612644091512,0.9976506721390699,0.9988069589030198,0.9990069352677281,0.9987958832151821,0.9995362729464164,0.9988890841082025,0.9987537316123432,0.9987449359207261,0.9989057841093953,0.9991344923438221,0.9987775302102136,0.9973356825843789,0.9990982613471502,0.9998189742284649,0.9982100761093499,0.9985201201793927,0.9996915645810968,0.9989987935825828,0.9951613235858352,0.999860335522311,0.9993754969250529,0.9987082339048661,0.999660774072249,0.9987368685863607,0.9993577198718562,0.9981771995285285,0.9989878386058395,0.999854180661143,0.9998181154454374,0.9992541912574198,0.9992268705098701,0.9987681618841863,0.9993410349884609,0.9979251752215206,0.9989997679302451,0.9993869626932979,0.9983388327719903,0.9972177396487584,0.9990444540832273,0.9991153969856742,0.998353681252923,0.9984753523831291,0.9989101476336579,0.9991217693238229
S042_007,0.9990727462162307,0.9996857493874095,0.9991907660351874,0.9995093264392787,0.9992429929517704,0.9998010518089815,0.9998158626694923,0.9994649078843854,0.9977638017142353,1.0,0.9997556055224904,0.9998865992532526,0.9995878561216914,0.9981685119508852,0.9987069530067042,0.9990295659328926,0.9986154480329756,0.9974464542572953,0.9996497044548623,0.997675868074659,0.9985552312946304,0.9997776383420527,0.9991986825143958,0.9992146810575527,0.9995650434858654,0.9994791336154528,0.9989465011541778,0.9996599994948342,0.9995065893902199,0.9994333138200943,0.9994119878180228,0.9995856729856589,0.9989935200360556,0.9997090512319241,0.9997295831731948,0.9995462288563537,0.999685760828665,0.9996244573681101,0.9998015727587578,0.999928530005357,0.9994883571866641,0.996941354400532,0.9992546066969362,0.9998640924838218,0.9987009941163003,0.9997038610962379,0.9990997626121849,0.9981738501447166,0.999463192768648,0.9997713561808163,0.9984135102720035,0.9994706070538255,0.9994504710198908,0.9997750122454414,0.9993929798911346,0.997689016811941,0.9973389345844046,0.9993381400082634,0.9995853939794092,0.9998362924151829,0.9988269125154163,0.9979643388118297,0.9989399311445949,0.9992872086020428,0.9997831664671794,0.9999373174044222,0.9994073116962271,0.9985302278338724,0.9991261577774692,0.9998650385753648,0.9993364261539435,0.9995938558455455
S044_007,0.9997040487395316,0.9998994533373805,0.9998008113328272,0.9999054332661226,0.9998401582393331,0.9999554511836267,0.9999693139475688,0.9999088717452566,0.9989648078888156,0.9997556055224904,1.0,0.9998658465489418,0.9997987003870015,0.9991474539094566,0.9995796048205834,0.9997466523379251,0.9995107756750954,0.9987392382681228,0.999946126881468,0.9988323969481778,0.9994623303633869,0.9999050683198264,0.9998078776668871,0.9997763100935128,0.9998051560236185,0.9999119214840746,0.9997073246649661,0.9999858025188818,0.9994915664783347,0.9997881625137681,0.999812419789792,0.9997777261203125,0.9996829816205589,0.9999469387908642,0.9999351305393507,0.9997044698617821,0.9999177681919682,0.9999773750007342,0.9999781661618924,0.9995783220030475,0.9999090141174106,0.9983632742171795,0.9994937061637581,0.9999409623356603,0.9995346715898956,0.9999902087841233,0.9984183541184228,0.9992095167774029,0.9999074679244763,0.9999502459513686,0.9993463425191944,0.9997816053604357,0.9999219759096788,0.9998196606563681,0.9997987662420919,0.9989114377209986,0.9986589488154015,0.9998376626520997,0.9999690633518783,0.9999845000517384,0.9994071158426485,0.9985669199488333,0.9995339849430878,0.9998474596336299,0.9998413776395191,0.9995497139186873,0.9998023557479011,0.9992742442307633,0.9994019899330344,0.9999206770151629,0.9997443157589803,0.9999231362906061
S045_007,0.9994165362197416,0.999934644562901,0.9994755822109533,0.9996248702663144,0.9995036805114005,0.9998477690162433,0.9999246071601632,0.9997708644155869,0.9982493817322571,0.9998865992532526,0.9998658465489418,1.0,0.9998374584657173,0.9987373913706417,0.9991462033970351,0.9993354556910355,0.9989196479577354,0.9979350071918199,0.9998861047964127,0.9983376497928231,0.9989587264722876,0.9998243483344957,0.9995738031907583,0.9995868666818706,0.9994767175280217,0.9997055791257735,0.9992555393632496,0.9997968265479854,0.9997485044560659,0.9997942779359166,0.9997448903428482,0.9997137889658861,0.9992835417283313,0.9999003878690766,0.9998753528188431,0.9996421838098948,0.9996641598003929,0.9998273971864994,0.9998796912610873,0.9998606965852959,0.9997404368760022,0.9975218438503258,0.9996568112385964,0.9999769847941341,0.9989638425190708,0.9998523130530975,0.9991058739663842,0.9984693699955642,0.9995821150734261,0.999841258646925,0.998956769114155,0.99982131378555,0.9997012840350775,0.9998262992298815,0.9997712240909289,0.9982399950992519,0.9980112569064763,0.9996949762634122,0.9997245202975902,0.9999205962900222,0.9989419618939795,0.9987566646578693,0.9994486288012561,0.9996294390693552,0.9999723883842268,0.9997907896045158,0.9997485996674951,0.9991415431311359,0.9995272943099147,0.9999779968943331,0.999725209766502,0.9997293380922289
S050_007,0.9995719545364543,0.9998948047755861,0.9996734496371256,0.999620961358462,0.9995449696618544,0.9997662848755233,0.9998058618530089,0.9998692947855157,0.9985666483333803,0.9995878561216914,0.9997987003870015,0.9998374584657173,1.0,0.9990412491384614,0.9994473854608563,0.9995738582224666,0.9991737215472373,0.9982682302612673,0.999895416250461,0.9987391716125045,0.9992908552954347,0.9997624663521224,0.9997241068498225,0.999855302126773,0.9992958421876577,0.9998272988686614,0.9994217780551407,0.9997446914616113,0.999663692817332,0.9998163512258653,0.9999089916179584,0.9995437884897569,0.9993588042130823,0.9998847250065147,0.999850370248268,0.9996194569121134,0.9995175593931449,0.9998484835098269,0.9997698804627506,0.9995048165629417,0.9998740611975695,0.9979284608137146,0.999825525040368,0.9998813088564741,0.9991072313992813,0.9998454348082775,0.9988565119711886,0.998707916371926,0.9995981614288222,0.9997398859782884,0.9993147813353217,0.999881450934931,0.9997713552131648,0.9996957750495437,0.9998645838277596,0.9985931313869323,0.9985619218203255,0.9998039027844462,0.9997459849998374,0.9998434508250145,0.9988701104204123,0.9991628750080784,0.9998043639986757,0.9998106394359495,0.9998702516194719,0.9994302822730592,0.9998715486720737,0.9994964126850245,0.9996262836149273,0.9998872263236035,0.9998955066415216,0.9997205409609311
S051_007,0.9997183261013706,0.9991519323390327,0.9995569476099282,0.9991980310298354,0.9995417741672173,0.9987940573168022,0.9989126419006458,0.9994740841949611,0.9997283068916787,0.9981685119508852,0.9991474539094566,0.9987373913706417,0.9990412491384614,1.0,0.9997253668574804,0.9995954863720019,0.9995788068862064,0.9996135334245122,0.9992538411974758,0.9998055742304982,0.9997774525264636,0.9988044661084474,0.9995959198913476,0.9995501619230319,0.9986537987271344,0.9994713218669998,0.9995284856530491,0.9993193883384827,0.9983709198951061,0.9992101261490137,0.999453359649556,0.999080625401337,0.9993129455727174,0.9991842191591007,0.9990601676212468,0.9991398598333192,0.9988418011138898,0.999327894505118,0.9989203864463162,0.9979877360524934,0.9993090893462897,0.9992856010785348,0.9989318223023474,0.998919760123418,0.999308321403695,0.9991707688015666,0.9962925941127428,0.9993893879702306,0.9993750658989348,0.9987926720618018,0.999689015327774,0.9992012002131154,0.9994767755823751,0.9983578542833733,0.999437782143362,0.9995140607341771,0.9996910871321961,0.9995224027405768,0.9992843386387962,0.9990328694479175,0.9990415499616139,0.9988855736870268,0.9994713148520645,0.9995909564915118,0.9988946238992785,0.9977795732190223,0.9994628017314513,0.9995751293268396,0.9988710785203708,0.9988889010184757,0.999384683595545,0.9991860309093118
S052_007,0.9998166887208545,0.9994929196891926,0.9998872059483657,0.9996577282158577,0.9998545320935639,0.9994180232534501,0.9994371040389814,0.9997952167206888,0.99974386563194,0.9987069530067042,0.9995796048205834,0.9991462033970351,0.9994473854608563,0.9997253668574804,1.0,0.9999527114141433,0.9999027366747577,0.9996153070044727,0.9996307249135414,0.9996464382279078,0.9999263627042835,0.9993426754772089,0.9999000364694892,0.9998524399530977,0.9992906547459686,0.9997689407896649,0.9999346647759152,0.999662389950674,0.9988307538622327,0.9995777607408062,0.9996875500955548,0.9992936618578973,0.9998018597735546,0.9995581573457737,0.9995049478482876,0.9992160144571556,0.9994212335114687,0.9997173619952474,0.9994654508706793,0.9984194485048217,0.9997635523895588,0.9994202522081046,0.9992254697341296,0.9993423246418974,0.9998123338069046,0.9996400363520472,0.9969674198196334,0.9997359448660137,0.9997238160491252,0.999433559352565,0.9998787787586946,0.9995362605031681,0.9998111641448282,0.9991492485005373,0.9996685987856223,0.9997416439344792,0.9996839039929803,0.9998020094175352,0.9997229721054003,0.9994560594324735,0.9993358350643554,0.998849989145064,0.9997053553262925,0.9998884316757677,0.999244088292616,0.9983260974237719,0.9996626174441997,0.9996400570939005,0.9991511939688534,0.9993033130104957,0.9996430901557833,0.9996129880054093
S053_007,0.9997959530099928,0.9995828564067786,0.9999203110184177,0.9997811411683424,0.9998864421749766,0.9996403378504621,0.9996032993127918,0.9998497579193003,0.9996152034037799,0.9990295659328926,0.9997466523379251,0.9993354556910355,0.9995738582224666,0.9995954863720019,0.9999527114141433,1.0,0.9999291468263558,0.9994874203671454,0.9997348408181637,0.9994019840794872,0.9998719526384977,0.9995974768593838,0.9998912335646996,0.9998803687015387,0.9995326771431302,0.9998694654409044,0.9999444711940509,0.9998043244939823,0.99901737239413,0.9996036661175071,0.9997447765498456,0.9993895145732188,0.9997967998687902,0.9996682092876512,0.9996562864772103,0.9993628768064824,0.999649866767853,0.9998292580716492,0.9996423286850108,0.9987419637049003,0.9998729375572909,0.9991763755907476,0.9992720465924942,0.9995312878395296,0.9998333855763395,0.9997843757689575,0.997340431708774,0.9997286909878088,0.9998526813311885,0.999625551992486,0.9997309213090141,0.9995700004860678,0.9998743414957132,0.999383510191609,0.9996873834137947,0.9995491282183895,0.9994451393592635,0.9998071496656493,0.9998637797080121,0.9996437112910412,0.9993742682914141,0.9986718702644553,0.9996762365009187,0.9999145435382745,0.9993995936247526,0.9987056969809754,0.9996857410880429,0.9994964584182462,0.9991064530446835,0.9994819652008707,0.9996608211466925,0.9997274223018074
S055_007,0.9996753438315131,0.9992326848762731,0.9997820347208984,0.9996551225389507,0.9998068279353092,0.9993636188019049,0.9993058164372747,0.9996032892228539,0.9998077257179493,0.9986154480329756,0.9995107756750954,0.9989196479577354,0.9991737215472373,0.9995788068862064,0.9999027366747577,0.9999291468263558,1.0,0.9997512358270039,0.9994522551836663,0.9994261507334316,0.9998689847927058,0.9993128874621642,0.9997063189280443,0.9996393933161586,0.999443813912412,0.999682909203356,0.9999251124046956,0.9996161995201441,0.9984873508791605,0.9992502407629298,0.9994257226308266,0.9991239496479518,0.9997579017366732,0.999367750549894,0.9993325687893371,0.9990993512460645,0.999508539859199,0.9996020504445932,0.9993769448799847,0.9982297763203888,0.9996275694799462,0.9994430388062988,0.9987628483341994,0.9991693197169644,0.9999083600079227,0.9995377069235305,0.9964694239786067,0.9999239071085542,0.9997482782275697,0.9993682824521802,0.9996462574809681,0.9991862426908144,0.9997028997774886,0.9990236624833658,0.9993604475069616,0.9996732292694697,0.9995391002203438,0.9995609378540979,0.9997013203957135,0.9993575222025144,0.9994179967372269,0.9981438708026963,0.9993517061796684,0.9997140515900154,0.998972999939802,0.9982153311130515,0.9993744683679492,0.9992068803172081,0.9986590800561483,0.9991029840257705,0.9993058174048036,0.9995374472119528
S056_007,0.9993549042399384,0.9984507940633193,0.9992941484119565,0.999049516278354,0.9993985601710734,0.9984161696103591,0.9984364320654366,0.998976172050351,0.9999740841650336,0.9974464542572953,0.9987392382681228,0.9979350071918199,0.9982682302612673,0.9996135334245122,0.9996153070044727,0.9994874203671454,0.9997512358270039,1.0,0.9987167866701296,0.9995938272162767,0.9996888079835353,0.9983505560462681,0.9992202330011561,0.9990485606960741,0.9986892945230624,0.9990860712072732,0.9995702429814436,0.9989566814907763,0.9973459753043631,0.9985160355478228,0.9987409640855767,0.9984815657456334,0.9993754242215905,0.9986091824460918,0.9984698054787661,0.9984561917408215,0.9987274690646434,0.9989140790925348,0.9985242204496129,0.9969865541242434,0.9988913835900485,0.9997777283412407,0.9978520100243246,0.9982365008040004,0.9996144219073457,0.9987642952760822,0.9946743764127917,0.9998471247925371,0.9991941466819036,0.9984746480467973,0.9994633883071148,0.998422796139675,0.9991511212116626,0.9979122566504784,0.9987121660227735,0.9997556967272649,0.9997172468815897,0.9990021245158165,0.9990375387053131,0.9985129649169546,0.9991621531981825,0.9975635709633347,0.9987494098390045,0.9991754016051296,0.9980279734782767,0.9968937031950676,0.9987538062567405,0.9988273709360156,0.9979384987591955,0.9981673511851267,0.9986158342156549,0.9988825073679898
S057_007,0.9997336880586258,0.9999677669123698,0.9997815145209124,0.9998343526381572,0.9998116369723692,0.9998772299453444,0.9999414314964522,0.9999618157303218,0.9989574231701065,0.9996497044548623,0.999946126881468,0.9998861047964127,0.999895416250461,0.9992538411974758,0.9996307249135414,0.9997348408181637,0.9994522551836663,0.9987167866701296,1.0,0.9989663032729403,0.9994638859522627,0.9998514404356061,0.9998597219279932,0.9998593780880504,0.9995952884870506,0.9999317185359111,0.9996881543700092,0.9999278920830275,0.9996114690673384,0.9998838421957911,0.9998862803152737,0.9997092467274884,0.9996725058414414,0.999964933810587,0.9998921355912144,0.9996724911143818,0.9997698199313557,0.9999793332324689,0.9999162796072596,0.9995230152121503,0.9999351288071732,0.9983716750057188,0.9996532733082644,0.9999318832609775,0.9994705688430379,0.9999599525380118,0.9985217324528558,0.9991128201731522,0.99980107886233,0.9998991455548109,0.9994566837749762,0.999887763558276,0.999934977857694,0.9997856182189762,0.9999032358446108,0.9989336904477909,0.9987680012945319,0.9999012353869574,0.9999148365385853,0.9999409617945952,0.9992664320355731,0.9989372635932243,0.9997214683247497,0.9998995814264443,0.9998885617776876,0.9994530159103285,0.9998855459343172,0.9994584669692081,0.9995591374644344,0.9999168580303173,0.9998601231499973,0.9998819584227898
S058_007,0.9996711056781384,0.9988961603528329,0.9994898186359333,0.9990790085374315,0.9994461827277342,0.9984409477721121,0.9986410699894478,0.9992513342775579,0.9997486091933184,0.997675868074659,0.9988323969481778,0.9983376497928231,0.9987391716125045,0.9998055742304982,0.9996464382279078,0.9994019840794872,0.9994261507334316,0.9995938272162767,0.9989663032729403,1.0,0.9997782315883359,0.9982796518897744,0.9994935568688106,0.9993541658875476,0.998431724383994,0.9992113414929958,0.9994753335442668,0.9990163688327017,0.9977464425875379,0.9990086901902918,0.999177628913434,0.9989648767300852,0.9993811087261748,0.9989775372295935,0.9987841635453257,0.9988906889643258,0.9985345762023733,0.9990696956925045,0.998670217897528,0.9973589197302123,0.9990115561057585,0.999673985407776,0.9986306247357842,0.9985301111039696,0.9993003169394037,0.9989126432332072,0.9955041424390204,0.9993730776125398,0.999176577851072,0.9985230044724503,0.9998529342055723,0.9990103208615909,0.9993168778793273,0.9980044334792645,0.9992061259377969,0.9997889116401113,0.9999107251876804,0.9994004131138404,0.999035459504148,0.998700760542378,0.999185636863403,0.9986925080798305,0.9992583056662846,0.999422906027485,0.9984732742620819,0.9970982335505961,0.9993047594444214,0.9995837303614594,0.9989711158065058,0.9985582592896053,0.9991862785511493,0.9990758267544694
S059_007,0.9998773310441955,0.999337127997159,0.9998883172261704,0.9996302065132052,0.999817617431842,0.9992319328491911,0.9992736468958902,0.999668235100005,0.9998264557316595,0.9985552312946304,0.9994623303633869,0.9989587264722876,0.9992908552954347,0.9997774525264636,0.9999263627042835,0.9998719526384977,0.9998689847927058,0.9996888079835353,0.9994638859522627,0.9997782315883359,1.0,0.9991183148243447,0.9998057819033065,0.9997462249320941,0.9992449751021292,0.9997000422640825,0.9998686660859776,0.9995820193302902,0.9984294274764841,0.9993730682045714,0.9995821064924534,0.9993473251302797,0.9997325577122493,0.9994654743234964,0.9993934708922464,0.9993285382133794,0.9993161938305488,0.9995963850617551,0.9993328035693515,0.9982034635020067,0.9995870497411137,0.9995687313353785,0.9990206062425501,0.999179209514715,0.9997472856797676,0.9995168979831365,0.9965102895327773,0.999758095689895,0.9997314375780627,0.999245598628424,0.999895442107062,0.999369702752143,0.9997405124033611,0.9988501575677167,0.9995254236800734,0.9997988885710603,0.9997909964047189,0.9997109283752058,0.9996358691433225,0.9993489218700404,0.9995065221979823,0.9986184432575247,0.999536691150707,0.999797920013256,0.9990393477845063,0.9980873999757803,0.9996078439163119,0.9995956965641474,0.9991150496526975,0.999172736740747,0.9995160334670841,0.9995869707683066
S060_007,0.9993557165680174,0.9997619361173071,0.999543261949288,0.9996934955053407,0.9995694456081222,0.999948492883273,0.9998748972199015,0.999758660496264,0.9985531252016111,0.9997776383420527,0.9999050683198264,0.9998243483344957,0.9997624663521224,0.9988044661084474,0.9993426754772089,0.9995974768593838,0.9993128874621642,0.9983505560462681,0.9998514404356061,0.9982796518897744,0.9991183148243447,1.0,0.9995715832178184,0.9996362018950983,0.9996669949923938,0.9997830456065591,0.9994638546443264,0.9998511182611297,0.9996568668394316,0.9996306611163251,0.9996818806912553,0.9994385677328735,0.9993726304488124,0.9997809685410136,0.9998211065823063,0.9994551325196833,0.9998384645655759,0.9998551497212043,0.9998696697602724,0.9996564688402559,0.9998605068360464,0.9977528181798971,0.9994192193676995,0.9999006246490586,0.9992827289188271,0.9998840832853633,0.9987501355671979,0.9989140597883193,0.9997018022178529,0.9998964302419586,0.9989301863522932,0.9996162094108609,0.9997221195921694,0.9998761643785444,0.9996295423670475,0.9984050354388893,0.9981621949752695,0.9996026755807437,0.9998465589851414,0.9999012937479141,0.9989221512043591,0.9983792711691795,0.999418212117984,0.999663528747615,0.9998058190656275,0.9996985062432402,0.9995733412444847,0.99893236815374,0.9990332793224891,0.9998386364091947,0.999577796529715,0.9996989080302263
S061_007,0.9998882376191193,0.999818242411921,0.9999453226748077,0.9997891534001087,0.9999147518946682,0.9996778409137851,0.9997472832201639,0.9999611456064377,0.999434812155003,0.9991986825143958,0.9998078776668871,0.9995738031907583,0.9997241068498225,0.9995959198913476,0.9999000364694892,0.9998912335646996,0.9997063189280443,0.9992202330011561,0.9998597219279932,0.9994935568688106,0.9998057819033065,0.9995715832178184,1.0,0.9999402556294805,0.9994566448762722,0.9998732567777499,0.9998751358122882,0.9998437047294344,0.9992619398893547,0.9998717051941727,0.9998930415367133,0.9996577707976864,0.9998189779288232,0.9998433941209627,0.9998075050005271,0.9995056768335097,0.9995990532625536,0.9998996061950275,0.9997493485134732,0.9990040663562831,0.9998949105766286,0.9990526875101319,0.9995945940289419,0.9996915556112662,0.9996760444784595,0.9998563365777845,0.9977929845057995,0.9994504298563338,0.9998214256100826,0.9996921204523124,0.9998328471296127,0.9998524259205119,0.9999357008764365,0.9994923131836744,0.9999108379777479,0.9995105214093686,0.9993908345052007,0.9999812128715754,0.9998502508180211,0.9997400936986984,0.9994007906814288,0.9991236535980004,0.9998175957967973,0.9999832725505732,0.9996461704340918,0.9988825106057766,0.9999037595704379,0.9997673158123648,0.9995745475237073,0.9996813617027752,0.9998854429037481,0.9998115927593199
S062_007,0.9998150425798624,0.9998014455507191,0.9999065555154663,0.9997034823473018,0.9997873938016698,0.9996728289050488,0.9996993717432977,0.9999528765164724,0.9992702079230904,0.9992146810575527,0.9997763100935128,0.9995868666818706,0.999855302126773,0.9995501619230319,0.9998524399530977,0.9998803687015387,0.9996393933161586,0.9990485606960741,0.9998593780880504,0.9993541658875476,0.9997462249320941,0.9996362018950983,0.9999402556294805,1.0,0.9993256179646172,0.9998983053089686,0.999767476914714,0.9997935862235294,0.9993805100562638,0.9998317264193487,0.9999536421249231,0.9995202659894208,0.9996437954281214,0.9998217070207408,0.9998002715313745,0.999520197982952,0.999516872531121,0.9998791891958335,0.9996933354892943,0.9990505011423285,0.9999357564374322,0.9987802245447055,0.9997130113284391,0.9997135660036333,0.9995195179995668,0.9998363761938995,0.9980534725649547,0.9992948425904502,0.9997504350647705,0.9996478807431664,0.9997410012895124,0.999850048692704,0.9998860120909339,0.9994903533951542,0.9999121391771573,0.9992914322049523,0.9992895105836599,0.9999342453983615,0.9998175306605017,0.9997380030691261,0.9991438560450374,0.9992582170875605,0.9999302077237158,0.9999783758908961,0.9996775343592376,0.9989515013941461,0.9999100977614701,0.9997692715446048,0.9995353706595062,0.9996982379578706,0.9999277051598243,0.9997415440751162
S063_007,0.9994271170110829,0.9994802369933399,0.9995757117422772,0.9998766489780873,0.9997105516575958,0.9997936549395205,0.9997540793187908,0.9995288970728375,0.9988629615571233,0.9995650434858654,0.9998051560236185,0.9994767175280217,0.9992958421876577,0.9986537987271344,0.9992906547459686,0.9995326771431302,0.999443813912412,0.9986892945230624,0.9995952884870506,0.998431724383994,0.9992449751021292,0.9996669949923938,0.9994566448762722,0.9993256179646172,1.0,0.9996424059437568,0.9996087644013325,0.9998024133191183,0.9988072428391244,0.9992797483213202,0.9992923552691029,0.9995747077902262,0.9996509993909257,0.9996406621405527,0.9996243634058162,0.9994513709174558,0.999965654141792,0.9997149137967833,0.9998270840678686,0.9991990561103684,0.9995674339165204,0.9983805784615053,0.9987270288987291,0.9995981482250095,0.9996044136565957,0.9997687333170352,0.9975964701527561,0.9993248371157716,0.999843012792039,0.9998265292074071,0.9989917073859734,0.9992444933649703,0.9996912989949464,0.9996112257595438,0.9992598481295609,0.9987954414210135,0.9983276960263702,0.9994368231022557,0.9998337708559756,0.9997570104406023,0.9996114574634841,0.9974048243969141,0.9988594403775576,0.9994829639010415,0.9993495586766435,0.9992610688434922,0.9993234733643256,0.998583656678402,0.9988398130404549,0.99957772533883,0.9991714474918622,0.9998123857846767
S064_007,0.9998594526707444,0.9998428886300575,0.9998880813923238,0.9999000331855745,0.9998856906336585,0.999795081596793,0.9998300236266356,0.9999392000045458,0.9992821589211013,0.9994791336154528,0.9999119214840746,0.9997055791257735,0.9998272988686614,0.9994713218669998,0.9997689407896649,0.9998694654409044,0.999682909203356,0.9990860712072732,0.9999317185359111,0.9992113414929958,0.9997000422640825,0.9997830456065591,0.9998732567777499,0.9998983053089686,0.9996424059437568,1.0,0.9998124488829642,0.9999361111463851,0.9993074506735321,0.9997245976315701,0.9998604470238796,0.9996687653011068,0.999741124688574,0.9999052093023088,0.99981148183465,0.9997527074906521,0.9997788114969426,0.9999623531309322,0.9998388436514707,0.9992613047776269,0.9999190092273431,0.9987331448503556,0.9994736416328884,0.9998107783434702,0.9996375892190091,0.9999262484020273,0.9980084084372627,0.9994131385606668,0.999905152000666,0.9998098490546723,0.9995936178472711,0.9997472315502544,0.999970448295266,0.9995903404870976,0.999818122596718,0.9991727572437986,0.9990833809691152,0.9998755470459981,0.9999544737635069,0.999890231495206,0.9994525616411444,0.9987548397153427,0.9997043058248827,0.9999349207452214,0.9997046003220216,0.999208831227616,0.999858555262124,0.9994644041778756,0.9994190302860516,0.9997967338429987,0.9997896353612246,0.9999097781155053
S065_007,0.9998170910576696,0.9995405822762468,0.99989845385459,0.9998402250607015,0.9999479197014991,0.9995776516314154,0.9995930593630683,0.9997918045780722,0.9996958256516892,0.9989465011541778,0.9997073246649661,0.9992555393632496,0.9994217780551407,0.9995284856530491,0.9999346647759152,0.9999444711940509,0.9999251124046956,0.9995702429814436,0.9996881543700092,0.9994753335442668,0.9998686660859776,0.9994638546443264,0.9998751358122882,0.999767476914714,0.9996087644013325,0.9998124488829642,1.0,0.999775571397231,0.9987907177859251,0.9995493128109366,0.9996038948939744,0.9994380594481015,0.9999439732705689,0.9996435038406624,0.9995700612165388,0.9993194048964675,0.9996716462542286,0.9997929869360753,0.999639617804548,0.9985947489705085,0.9997706309400268,0.9994015126629747,0.9990633824571802,0.9994366973549523,0.9999510365345541,0.999745320914075,0.9969940843300197,0.9998290377375942,0.9998540143515663,0.999628032563283,0.9997813561612915,0.999495900595654,0.9998798799635826,0.9993332115660873,0.9995996948374382,0.9996974241778155,0.9994893715928379,0.9997798636268196,0.9998448638101622,0.9995879625477869,0.9996053933391797,0.9984293297158727,0.9995094699213622,0.9998576504256926,0.9992773592275498,0.9985462028297585,0.9996170901421048,0.9994067254009636,0.9991214092415258,0.9994038071215418,0.9995458355227839,0.9997727755904556
S066_007,0.9997894972604737,0.9998686733935712,0.9998482366722511,0.9999256953026324,0.9999008574620297,0.9998988564407176,0.9999233882076854,0.9999166302960093,0.9991612644091512,0.9996599994948342,0.9999858025188818,0.9997968265479854,0.9997446914616113,0.9993193883384827,0.999662389950674,0.9998043244939823,0.9996161995201441,0.9989566814907763,0.9999278920830275,0.9990163688327017,0.9995820193302902,0.9998511182611297,0.9998437047294344,0.9997935862235294,0.9998024133191183,0.9999361111463851,0.999775571397231,1.0,0.9993770822103303,0.9997598877997104,0.9998133385918578,0.9997962134260298,0.9997344452704071,0.9999276114447838,0.9998996142998676,0.999736429501862,0.9999057860839607,0.9999757931136729,0.9999397879654264,0.9994652639155963,0.99989441274335,0.9985801711607069,0.9994316985100744,0.999888223805031,0.9996153742408902,0.9999709068702688,0.9981615960697238,0.9993514229854997,0.9999510206103485,0.999897584282451,0.9994432068661179,0.9997497931313901,0.9999493406543286,0.9997116545058424,0.9997982437030302,0.9990694346622375,0.9988449937032406,0.9998575670766511,0.9999787168024541,0.9999552386037215,0.9995107159774995,0.998561081400893,0.9995391691510938,0.9998764413408602,0.9997808450243287,0.9994223472749169,0.9998134673839308,0.9993281822742062,0.9993711680756074,0.9998664439068932,0.9997345813634656,0.9999303097112165
S067_007,0.9988334032727912,0.999654996186884,0.9990128637167568,0.9990104042735793,0.9989773786910289,0.9995666313837814,0.9995700678649121,0.9995054689921206,0.9976506721390699,0.9995065893902199,0.9994915664783347,0.9997485044560659,0.999663692817332,0.9983709198951061,0.9988307538622327,0.99901737239413,0.9984873508791605,0.9973459753043631,0.9996114690673384,0.9977464425875379,0.9984294274764841,0.9996568668394316,0.9992619398893547,0.9993805100562638,0.9988072428391244,0.9993074506735321,0.9987907177859251,0.9993770822103303,1.0,0.9996655116796437,0.99956457362058,0.9990484595154715,0.9987013353256522,0.9994971711256616,0.9995851691222266,0.9989397975510883,0.9991518190334314,0.9994820854082948,0.9994702816887795,0.9996608093573705,0.9995663896409008,0.9967173676014692,0.9997145867365669,0.9997198811203306,0.9984052603027169,0.9994981184867543,0.9994584885735365,0.9978414692996204,0.9990149164339808,0.999481394209291,0.9984864129496457,0.9996514061598737,0.9992589243221187,0.9996677083310233,0.9995980796887759,0.9976402451601664,0.9974953359711709,0.9993807006886725,0.9992924759335421,0.999531555129821,0.9978904881425233,0.9990438826481298,0.9994318865106595,0.9993329881228421,0.99983539675221,0.9995977374588993,0.9994167749118252,0.9989542151435826,0.9990925418042071,0.9996573431581742,0.9995639389974369,0.9991342932698007
