,S010_007,S011_007,S014_007,S022_007,S026_007,S032_007,S034_007,S035_007,S037_007,S042_007,S044_007,S045_007,S050_007,S051_007,S052_007,S053_007,S055_007,S056_007,S057_007,S058_007,S059_007,S060_007,S061_007,S062_007,S063_007,S064_007,S065_007,S066_007,S067_007,S068_007,S069_007,S070_007,S071_007,S073_007,S074_007,S075_007,S076_007,S077_007,S078_007,S079_007,S080_007,S081_007,S082_007,S084_007,S085_007,S086_007,S087_007,S088_007,S089_007,S090_007,S092_007,S094_007,S095_007,S097_007,S099_007,S100_007,S101_007,S102_007,S103_007,S105_007,S106_007,S107_007,S110_007,S111_007,S113_007,S114_007,S116_007,S117_007,S119_007,S121_007,S122_007,S124_007
S010_007,1.0,0.9999090899668392,0.99887375958986,0.9997232209289098,0.9997873738464476,0.9997809666379533,0.9997607179458353,0.9999443351891383,0.9995536020263982,0.9997916917786954,0.9998575276837008,0.9998275441398754,0.9992422997264184,0.999366419297951,0.9998287850316543,0.9998934631148558,0.9994764969082218,0.9997461534662324,0.9997209936609375,0.9999505491482448,0.9998829739305949,0.9999078801048301,0.9997972189241796,0.9999377717919965,0.9995482222970296,0.999500896099406,0.9998970946444148,0.9998042468927697,0.9994951233050251,0.9998006199379846,0.9998730158117672,0.9995061756576983,0.9998245828189452,0.9995842028605602,0.9997940970213641,0.9984441754751159,0.9996663793337556,0.9998811142134257,0.9998317692870016,0.9995157893204325,0.9999164763804462,0.9982133534885922,0.9992658450623233,0.9998705719850137,0.9995724048289332,0.9999107806874694,0.9979523043842541,0.9998371574072159,0.9997366075456913,0.9999185832480928,0.9998367508202943,0.999731015400871,0.9999131682904926,0.9999119194541094,0.9997892714083485,0.9997666163181579,0.998591604562497,0.9997836190235518,0.9997650947030817,0.999906373752369,0.999556258035782,0.9992392831298581,0.999674194750743,0.9997157394933162,0.999494482129213,0.9992101139981946,0.9998051518561424,0.999438390395109,0.9996783748255258,0.9998783961513862,0.9998411746212761,0.999905458779319
S011_007,0.9999090899668392,1.0,0.9992332404481253,0.9999177147510938,0.9999066638976597,0.9999232974405168,0.9999201107120237,0.9999263654186923,0.9991297311613082,0.9999453447974332,0.9999485970152514,0.9999109380537362,0.9995100037453638,0.9989116075232037,0.9997858252791515,0.9998902225061126,0.9991975218666057,0.9995525431012324,0.9998493582400758,0.9998643563573567,0.9996841819596449,0.9999252008595569,0.9998738594799941,0.9999049576989854,0.99981326395667,0.9997173250874432,0.9999337605087814,0.9999380480900213,0.9995596004770138,0.9999142812169339,0.9998390477858834,0.9997704448942817,0.9998919732827528,0.9998224420399398,0.9999052227297337,0.9990461311765053,0.9998915066387127,0.9999501979737672,0.9999502695709342,0.9997746714180702,0.9998511138702537,0.9988951201797622,0.9993803303215854,0.999925100192674,0.9997618983832082,0.9999142376334526,0.9983637303948163,0.9998635802639273,0.9999167595614952,0.9999500914717858,0.9996096156062857,0.9999053590922306,0.9999157622009365,0.9998560951315724,0.9998498702135441,0.9995463466665039,0.9980344183294257,0.9998729410935296,0.9999212940819336,0.9999626124967796,0.9997979866837451,0.9990774977768062,0.9992866279929041,0.9998978049052664,0.9997392556433687,0.9995293540795279,0.9998483936411623,0.9990060054872331,0.9997842446836446,0.999963569296638,0.9998694890439154,0.9999336667805514
S014_007,0.99887375958986,0.9992332404481253,1.0,0.9994631146111339,0.9992765669048149,0.9995495280872282,0.9995377079329165,0.9991671787241072,0.9974312785885266,0.9994678645133742,0.9994062292927547,0.9993920545450741,0.9990444120893853,0.9971698053493085,0.9991673296145898,0.9992318102814619,0.9981206052746353,0.9987000739522953,0.9995130238801565,0.9988484276139733,0.9985319153496497,0.9992878282657938,0.9993598116109722,0.9991301281866062,0.9996147767658039,0.9995614113133923,0.9992562569421142,0.9994105613340684,0.999194713853279,0.9993977992118513,0.9990469143105908,0.9996683915972159,0.9993316771743088,0.9994729590903625,0.999372234448387,0.9990996629657564,0.9995847858508808,0.9993821579530648,0.9994726934637619,0.9994087617120134,0.9992368975415923,0.9989176129308047,0.9990806481678407,0.9992514299984636,0.999625609114262,0.9991090003103776,0.9983818189119513,0.9993955765757448,0.9994693092898012,0.9992691348119467,0.9983376472200834,0.9993662467513555,0.9993059346414439,0.9992238514996848,0.9991898561225911,0.9982189173652465,0.9962404576622076,0.9991104415309476,0.9995596405282875,0.9993181823787027,0.9993410895101447,0.9981425026241557,0.9979140577649426,0.9994670235177617,0.9994840094042231,0.9994459098981312,0.9990507668954192,0.9971490084244027,0.9989181100116975,0.999191980264456,0.999218577953644,0.9992571590766348
S022_007,0.9997232209289098,0.9999177147510938,0.9994631146111339,1.0,0.9998082491860927,0.9998827536734345,0.9999236040030658,0.9998205386871891,0.9988193597543945,0.9999028859194536,0.9998839556257916,0.9998311564447041,0.9994296114002504,0.9986567719098851,0.9997042698945237,0.9997740786000472,0.9990730770706722,0.9993986872967505,0.9998826965465648,0.9997001357279768,0.99950256126916,0.9998536136040632,0.9998546419281189,0.99972601081355,0.9998233960089297,0.9996491307790483,0.9999138591398608,0.9998865936260876,0.9994125793421863,0.9998904208318986,0.9996239050586578,0.99982487310088,0.9999209105456554,0.9998222237346507,0.9998232066598162,0.999167031501355,0.9999407969995062,0.9999176619899107,0.9999524826297355,0.9996950294500149,0.9997602317768305,0.9991426975001089,0.9991727597725009,0.9998715298177068,0.9999092130665115,0.9998214802693581,0.9982989684683008,0.9998300309189965,0.9998608207923718,0.9998759447748382,0.9994594687766754,0.9998393028337706,0.9998349342883062,0.9997701120055772,0.9997519681161318,0.9994131618702617,0.997838120627171,0.9998351089479108,0.9999297760645394,0.9998753482675553,0.9997540985513473,0.9986572164316695,0.9990098019922962,0.9999088319087371,0.9996726892509054,0.999493098654755,0.9996953169695079,0.9986179454025427,0.9996341958648822,0.9998548981322231,0.9997268002776241,0.9998808019392614
S026_007,0.9997873738464476,0.9999066638976597,0.9992765669048149,0.9998082491860927,1.0,0.9999533009393367,0.9999525706538815,0.9999018058737927,0.9988114782379529,0.9999652598029416,0.9999466588883564,0.9999794012785538,0.9997528658055556,0.9985542322407018,0.999844999974896,0.9999325354242866,0.9987964957818766,0.9993629061186629,0.9997216090876593,0.9998192487609546,0.9994780784121272,0.9998395269017842,0.9998890290042286,0.9998132967072683,0.9998729085674385,0.9998895955051469,0.999875444995713,0.9999337792133718,0.999836646451575,0.9999598854263756,0.9999054447185237,0.9998892617400617,0.9998421104613039,0.9999279544797269,0.9999782837720711,0.9993036542011153,0.9998350674064885,0.9999082363394115,0.9998793122029187,0.9999100562004051,0.9997393142375517,0.998889156874345,0.9996817927150701,0.9999494206506341,0.9997767143264102,0.9998339889166316,0.9989248243521222,0.9998286227716332,0.9999083443955799,0.9998532038103639,0.9994542471185721,0.9999843057919477,0.999886766280502,0.9997972668047318,0.9999518229721325,0.9993409306191843,0.9974500932347294,0.9997557251865071,0.9998752686064394,0.999930005476376,0.9999518596597153,0.9994279576709516,0.9990161540662562,0.9999563937895302,0.9999125902615885,0.9997864936276143,0.9999716101366222,0.9989922880842449,0.9999505396377206,0.9999654510337795,0.9999630901391235,0.9997822991166715
S032_007,0.9997809666379533,0.9999232974405168,0.9995495280872282,0.9998827536734345,0.9999533009393367,1.0,0.9999851998229786,0.9999005719401691,0.9987703425661094,0.9999867116508754,0.99996351226584,0.9999765247303931,0.9996824518955261,0.9985148930051938,0.9998221536869611,0.9999266341508213,0.9989161143368777,0.9994160912188136,0.999827990283645,0.9997687516930945,0.999485267605881,0.9998854292635143,0.999911910336172,0.9998490015397677,0.9999223535485071,0.9999155803326603,0.9998941643833891,0.9999498102614026,0.9997807855923504,0.9999516596568577,0.9998724023283816,0.9999355476948752,0.9998682945400726,0.9999143675778845,0.9999552568472589,0.9992843974279185,0.9999062625657951,0.9999367798045276,0.9999425599766957,0.9998960837935845,0.9998115089083807,0.9989380621553854,0.9996522375910374,0.999926304780672,0.9998587060523563,0.9998266067316903,0.9988078410632005,0.9998862294822833,0.9999484568688423,0.9998863658136339,0.999411508907805,0.9999531632243396,0.9999095227797701,0.9998558126611062,0.9999139911950091,0.9992978415644734,0.9975169113976313,0.9997545859049403,0.9999419629821459,0.9999453063602243,0.9999001366019915,0.9992497458360926,0.9990251817690147,0.999960051565033,0.9999037079547685,0.9997771006892101,0.9998784124740128,0.998796259575577,0.9998141473401424,0.9999435014998674,0.9999234561528119,0.9998477143424378
S034_007,0.9997607179458353,0.9999201107120237,0.9995377079329165,0.9999236040030658,0.9999525706538815,0.9999851998229786,1.0,0.9998956594134921,0.9987567249055342,0.9999793622851427,0.9999588929207348,0.999967967989736,0.9996695990122699,0.9985359054878429,0.9998403105221567,0.9999112993189927,0.9989008653289071,0.9993995617596712,0.9998395829957463,0.9997668908594828,0.9994722632543657,0.9998739468567989,0.9999148587706703,0.999794823256744,0.9999080305996219,0.9998773439630887,0.9999267175300282,0.9999431877990124,0.9997552953173888,0.9999739809019157,0.9998236633566041,0.9999430335857331,0.9999173527604399,0.9999272341286441,0.9999587357325681,0.9993072145408591,0.999927947673864,0.9999514046195636,0.9999488517538113,0.9998644712548594,0.9998011907365786,0.9990012733715589,0.9995634899705159,0.9999484363538679,0.9999196878261373,0.9998379351381512,0.9987865378276961,0.9998809331352424,0.9999202225423591,0.9998866943588648,0.999438348076967,0.9999561153365739,0.9999093377498302,0.9998454841337711,0.9999123628107688,0.9993355451735925,0.997537630893606,0.9997837251824674,0.9999479248801958,0.9999350714963832,0.9999065725566255,0.9991625672486516,0.9990046432047986,0.9999810045466956,0.99987680241768,0.9997512977200211,0.9998758729104958,0.9987855793952098,0.9998278755420894,0.9999363177032654,0.9999139651053887,0.9998430850507457
S035_007,0.9999443351891383,0.9999263654186923,0.9991671787241072,0.9998205386871891,0.9999018058737927,0.9999005719401691,0.9998956594134921,1.0,0.9993258663033411,0.9999095162777698,0.9999485767601317,0.999948141589889,0.999444083408752,0.9991420959800965,0.9999391422384144,0.9999819226758264,0.999336934500712,0.9996924877973704,0.9997959151849233,0.9999635905320562,0.9998045672675391,0.9999604974176596,0.9999453939798616,0.999931063869566,0.9997321559186866,0.9996868411373172,0.9999609673633107,0.999910493442519,0.9996813681208057,0.9999334593321516,0.9999171467383441,0.9997354109885964,0.9999236702911083,0.9997758322692032,0.9999023444601333,0.9987723657729939,0.9997779601098171,0.9999589252999814,0.9999257526133423,0.99968076725733,0.999921914948467,0.9984824863748556,0.9994613721903347,0.9999735131648612,0.9997762753636119,0.9999375403104438,0.9983295802984086,0.9999453822962264,0.9998461187082538,0.9999460598546427,0.999789070257963,0.9998580208891628,0.9999746156272523,0.9999473532911789,0.9999094944089431,0.9997046642234736,0.9982988871149063,0.9998202670741976,0.9998713995038004,0.9999701441636875,0.9997408344089342,0.9993215010654172,0.9994799935261893,0.9998814252988416,0.9996861289653749,0.9994588106349911,0.999911631478048,0.9993328691653524,0.9997920478069438,0.9999344111065027,0.9999209911053193,0.9999251413529153
S037_007,0.9995536020263982,0.9991297311613082,0.9974312785885266,0.9988193597543945,0.9988114782379529,0.9987703425661094,0.9987567249055342,0.9993258663033411,1.0,0.9988210467068386,0.9990506273469749,0.9989318051201127,0.9977184770559709,0.999963441770482,0.9992549670796173,0.9991531379424181,0.9997810473171662,0.9997022538117398,0.999007986261228,0.9995350934929553,0.9998235298773214,0.9993207911739708,0.9990324711870457,0.9993731489025307,0.9983784556165582,0.9981867507341139,0.9992192066294006,0.9989477430352598,0.9983578987883827,0.9989413267579585,0.9990927504014111,0.998251095900731,0.9991526289216602,0.9984721477120699,0.9988766753956498,0.9964294168884158,0.9986860409230699,0.9991584304340048,0.9990381153292434,0.9982193632677706,0.9994417670175305,0.9965493791723965,0.9979075187334376,0.9991219074837283,0.9985957023082224,0.999397699803162,0.9957887797690006,0.9992062947809361,0.9987571778244991,0.9993149658571786,0.9997940355114119,0.9987000991336571,0.9992855094110686,0.9992928250884909,0.9988496603068753,0.999827921537146,0.9996314550642028,0.9992147349765869,0.9988945923749497,0.9991812177250932,0.9983315075153585,0.998377726022282,0.9999415336907899,0.9987040121157059,0.9981982312656155,0.9976430608169553,0.9989780707419263,0.9995331440020052,0.9986771181236714,0.9989946444508704,0.9989853775229054,0.9993523928583571
S042_007,0.9997916917786954,0.9999453447974332,0.9994678645133742,0.9999028859194536,0.9999652598029416,0.9999867116508754,0.9999793622851427,0.9999095162777698,0.9988210467068386,1.0,0.9999791147631649,0.9999748236042518,0.9996612268207777,0.9985755241145479,0.9998242948790507,0.9999181221051072,0.9989626499185348,0.9994413062141283,0.9998480336071777,0.9998058834274018,0.9995275962656535,0.9999078522728713,0.9999363590968907,0.9998618249746932,0.9999442950289438,0.999881518893933,0.999898594890419,0.9999821937696909,0.9997253933626948,0.9999695073029612,0.9998528794080974,0.9999301958770556,0.9998844987257978,0.9999492466659916,0.9999623754376901,0.9993081276666823,0.9999257964895408,0.9999496997921473,0.9999610797644147,0.9999087299092917,0.9997940327482632,0.999061211823498,0.9995875311991648,0.9999442280636228,0.9998481341449177,0.9998675453714923,0.9987259460218126,0.9998983011827226,0.9999762171401365,0.9999085680674534,0.9994507057782005,0.9999763906005918,0.999912383330033,0.9998178109385064,0.9999014581878747,0.999364786250433,0.9975967641938323,0.9998247815380439,0.9999574095173616,0.9999645025700249,0.9999243733409113,0.9991929531803776,0.9990283281194334,0.9999799772456912,0.9999026976804136,0.9997518237914028,0.9999023897630331,0.9988194745742617,0.9998403814676132,0.9999532954428295,0.9999061750733405,0.9998745716366656
S044_007,0.9998575276837008,0.9999485970152514,0.9994062292927547,0.9998839556257916,0.9999466588883564,0.99996351226584,0.9999588929207348,0.9999485767601317,0.9990506273469749,0.9999791147631649,1.0,0.9999749673490941,0.9995116535570524,0.9988321927527315,0.99990112703521,0.9999375036828053,0.9991786918167832,0.9996259769992369,0.9999015458345393,0.9998836122056665,0.9996693107699723,0.9999611079248186,0.9999454928322381,0.9999162807817593,0.999898036224291,0.999816087740498,0.9999282893789033,0.9999889577992189,0.99969978843521,0.9999805561780255,0.9998617566592377,0.9998655494348699,0.9999278591380265,0.9999158601158841,0.9999733496503193,0.9990831203281885,0.9999219742961225,0.9999849792944937,0.9999725627881934,0.9998315126147598,0.9998850636066449,0.9989173177347651,0.999496823121793,0.999965376552723,0.9998380111764443,0.9999439179399845,0.9984776774542826,0.9999509792257957,0.9999542179872029,0.9999663509952694,0.9995819358987401,0.999953519439085,0.9999713837553809,0.9998575947612596,0.9998728397315776,0.9995187801566738,0.9979225205068709,0.9998931180902493,0.99997198230704,0.9999933835588322,0.9998582995280894,0.9992105227561938,0.9992463140274442,0.9999508246078384,0.9998383570629867,0.999633045113734,0.9999120631854833,0.9989497595575405,0.9998103037371935,0.9999321339122278,0.999922408828478,0.9999302250651474
S045_007,0.9998275441398754,0.9999109380537362,0.9993920545450741,0.9998311564447041,0.9999794012785538,0.9999765247303931,0.999967967989736,0.999948141589889,0.9989318051201127,0.9999748236042518,0.9999749673490941,1.0,0.9996625481148006,0.9986941861318418,0.9999085691791619,0.9999736463907738,0.9989869189008178,0.9994993865108042,0.9997928668128948,0.9998595040815046,0.9995771571332099,0.9999065848034948,0.9999429411534575,0.9998720384139858,0.9998780292179213,0.9998827617010319,0.9999146107068063,0.999952431284223,0.9998356190586373,0.9999764364681045,0.9999233871495423,0.9998972262620435,0.9998906028402866,0.9999115639460141,0.999977144030631,0.9991624863967269,0.9998522682619447,0.9999491530322474,0.999925926062395,0.9998659085329589,0.9998349017739949,0.99877912026362,0.999668803456854,0.9999702861791091,0.9998328885655543,0.9998738588661987,0.9987789808153356,0.9999139968794395,0.9999204464237417,0.9999008015269558,0.9995395836252693,0.999959432709783,0.9999444227890429,0.9998768782544353,0.9999516732822933,0.9994292867323896,0.9976853735346567,0.9997773238875174,0.9999144991815533,0.9999634422387239,0.9999010721986162,0.999407733357498,0.9991521215579717,0.999959616974016,0.9998837882404393,0.9997339166822238,0.9999544765455995,0.9990353498300593,0.9998811603224553,0.9999531505089442,0.9999678498782844,0.9998488006878617
S050_007,0.9992422997264184,0.9995100037453638,0.9990444120893853,0.9994296114002504,0.9997528658055556,0.9996824518955261,0.9996695990122699,0.999444083408752,0.9977184770559709,0.9996612268207777,0.9995116535570524,0.9996625481148006,1.0,0.9973563658746134,0.9993021900716594,0.9995749746250874,0.9976080447391866,0.9983688396954767,0.9990886444982604,0.9992339794958008,0.9986313593136248,0.999268122237093,0.9994790514771582,0.9992661552323159,0.9996065851061416,0.9998090994749022,0.9994300043434012,0.999513314048238,0.9997512693732677,0.9995742477453865,0.99962568412265,0.9997350556137731,0.9993246849675181,0.9996541177491644,0.9996231230907052,0.9996455099432873,0.9994107416422541,0.9994207675981139,0.9994259553716015,0.9998147188527841,0.9990956113580787,0.9987208000083427,0.9998006270610968,0.9995476224795877,0.9994259118038002,0.9991991732584432,0.999638184424634,0.9992710424812468,0.9995647299538049,0.9992731989280563,0.9986934891836637,0.9997128688529425,0.9993519135852059,0.9993684981042552,0.9997789686420536,0.9984561945330557,0.9959091045789651,0.999081112953291,0.9994110408037069,0.9994659590047216,0.9998343603829601,0.9993314215935059,0.9979983390607241,0.9996827167458235,0.999798602929929,0.9998879826437487,0.9996608244243051,0.9984155033037226,0.9997940679187611,0.9997072517230299,0.9996546832643042,0.9991733689305594
S051_007,0.999366419297951,0.9989116075232037,0.9971698053493085,0.9986567719098851,0.9985542322407018,0.9985148930051938,0.9985359054878429,0.9991420959800965,0.999963441770482,0.9985755241145479,0.9988321927527315,0.9986941861318418,0.9973563658746134,1.0,0.99910351328034,0.9989373444335352,0.9997653412168501,0.999602342395806,0.9988413913143233,0.9993741874876287,0.999720952242702,0.9991425567485546,0.9988508146443785,0.9991370487704659,0.998097639137554,0.99784460580019,0.9990734136804558,0.9987194030965443,0.9980477376469771,0.9987455477384601,0.9988158607868695,0.9979897456945537,0.9990307328208946,0.9982196226104799,0.9986351064746656,0.996033269266348,0.9984763082971743,0.9989814198423892,0.9988512532746091,0.9978756549171724,0.9992835727021555,0.9962645769088111,0.9974938591229074,0.9989434175629709,0.998459449550732,0.9992386466747307,0.9953036889553686,0.9990383204134655,0.9984865109186274,0.9991363568616316,0.9997409806203648,0.9984386581512329,0.9991052586093411,0.9991174461484928,0.9986107139911699,0.999802802534189,0.999776509291019,0.9990647043463081,0.9986884923506852,0.9989698561987422,0.9980420779628287,0.9980054424785465,0.9998748288800327,0.9984878937946492,0.9978633900607574,0.9972673459682794,0.9987357573360582,0.999426854026173,0.9984104466282764,0.998750970455266,0.9987364073016889,0.9991886420782193
S052_007,0.9998287850316543,0.9997858252791515,0.9991673296145898,0.9997042698945237,0.999844999974896,0.9998221536869611,0.9998403105221567,0.9999391422384144,0.9992549670796173,0.9998242948790507,0.99990112703521,0.9999085691791619,0.9993021900716594,0.99910351328034,1.0,0.999933148647109,0.9992722113048315,0.9997194481328674,0.9997592901230732,0.9999183569099668,0.9997373486665867,0.9998970182460795,0.9998987604621192,0.9998237053087309,0.9996617455699213,0.9996351219572994,0.9999029280534278,0.9998452128830174,0.9997182945786294,0.9999175657195964,0.9998310564073765,0.9996933643990347,0.9999119602752773,0.999747367815539,0.9998867176846695,0.998624333328503,0.9997137093579193,0.9999183959302689,0.9998442513898407,0.9995797320186638,0.9998943671811491,0.9983343012170932,0.9993927829697514,0.9999420310227976,0.9997801856896414,0.9999048401331969,0.9982672693312091,0.9999286229734046,0.9997363204062525,0.9998859318721024,0.9997454290469567,0.9998017557148592,0.9999567588366078,0.9998763520211931,0.9998374377893356,0.9996678170382891,0.9982272459789598,0.9997767152261215,0.9998196665036503,0.9999026175326353,0.99967834621843,0.9993508093258205,0.999446783466755,0.9998286071343135,0.9996353623706432,0.9993983058967821,0.9998880682573046,0.9992714029179302,0.9997425036652284,0.9998070357260725,0.9998994702827122,0.9998314212631658
S053_007,0.9998934631148558,0.9998902225061126,0.9992318102814619,0.9997740786000472,0.9999325354242866,0.9999266341508213,0.9999112993189927,0.9999819226758264,0.9991531379424181,0.9999181221051072,0.9999375036828053,0.9999736463907738,0.9995749746250874,0.9989373444335352,0.999933148647109,1.0,0.999140427788801,0.9995784436125776,0.9997294963751275,0.9999160400506657,0.9996907581234337,0.9999137767044166,0.999936997903552,0.999897644315854,0.9997554612336472,0.9997822145280928,0.9999278603953595,0.9998949727918456,0.9998067906458035,0.999932268372548,0.9999595120661771,0.9997894580241232,0.9998789963955523,0.9997982307125672,0.9999191138761219,0.998894894255677,0.9997470785844248,0.9999285231100201,0.9998917293657404,0.9997456439441196,0.99987518728333,0.9984442309186711,0.9996313126482982,0.9999641855512862,0.9997734638704411,0.9998729251484118,0.9986134436714961,0.999916816164934,0.9998439946557967,0.9998921251654525,0.9996870521310743,0.9998785138901797,0.9999501932181335,0.9999413747575817,0.9999580518263514,0.9995654252001834,0.9979964836468075,0.9997279191373465,0.9998447442032776,0.9999477696438532,0.9997946050937795,0.9994767447057938,0.9993471166168211,0.999894196459538,0.9997637483144475,0.9995875418714656,0.9999396433818126,0.9992955960377731,0.9998399246872086,0.9999413228926518,0.9999582597614677,0.9998540257583207
S055_007,0.9994764969082218,0.9991975218666057,0.9981206052746353,0.9990730770706722,0.9987964957818766,0.9989161143368777,0.9989008653289071,0.999336934500712,0.9997810473171662,0.9989626499185348,0.9991786918167832,0.9989869189008178,0.9976080447391866,0.9997653412168501,0.9992722113048315,0.999140427788801,1.0,0.9998376801000873,0.9993634916610861,0.9994657292710636,0.9998213322416453,0.9994823789801085,0.9991933259972474,0.9994463047653617,0.9986730348550655,0.9983108983024053,0.9992801755117644,0.9991191252237581,0.9982390098497672,0.999045059728206,0.9989622143530619,0.9984994453403535,0.9992987223680293,0.9986582838211798,0.9989261734463039,0.9966789475074141,0.9989873989349942,0.9992934931287268,0.9992638627260153,0.9983310463513532,0.9995590848920374,0.997172204108261,0.9978051951291237,0.9991512258564096,0.9988887581372267,0.9994791171927383,0.9955921721171135,0.9994140879699052,0.9989727377448377,0.9994475138045776,0.9996661657709844,0.9987690942960209,0.9993746979106929,0.999316932944247,0.9987692290954786,0.9997585268725805,0.9996367689349275,0.9993972461793575,0.9991598206128981,0.9992824611595335,0.9983893787746756,0.9978792323094521,0.9997854410347161,0.9988505578231086,0.9983222840421839,0.9977503206043616,0.9988705107529028,0.9989266096490345,0.998482292698324,0.9989630709942529,0.9989061616679159,0.9995448247943877
S056_007,0.9997461534662324,0.9995525431012324,0.9987000739522953,0.9993986872967505,0.9993629061186629,0.9994160912188136,0.9993995617596712,0.9996924877973704,0.9997022538117398,0.9994413062141283,0.9996259769992369,0.9994993865108042,0.9983688396954767,0.999602342395806,0.9997194481328674,0.9995784436125776,0.9998376801000873,1.0,0.9996944523861699,0.9997795912354194,0.9999181588775067,0.9997864053705877,0.9995699903834104,0.9997655345885853,0.9992319982152922,0.9990234551803268,0.9996194507752426,0.9995645420151461,0.9990135489912826,0.9995321979790529,0.9994560069277248,0.9991023767964375,0.9996499939362823,0.9992539584606979,0.9994926600681467,0.9975673739704505,0.9994361204935074,0.999681324477835,0.9996120307689328,0.9990028053854981,0.9998538148293485,0.9977891967445852,0.9986095512828033,0.9995830579374416,0.9993248413449156,0.9998121835260494,0.996774975685326,0.9997562336521036,0.9994338864402504,0.9997794172908296,0.9997663409387348,0.9993444192437115,0.9997646462580891,0.9996358810202262,0.9992879383234412,0.9998020330812076,0.9991287970815855,0.9997189370738526,0.9995816323876715,0.999678563417921,0.9990487026511391,0.9986963338634537,0.9998124804978081,0.9993525195865267,0.999035014548588,0.998577479278939,0.9994327928736029,0.9991126708321657,0.9991274475406221,0.999407700724419,0.9994733678755643,0.9997882235662316
S057_007,0.9997209936609375,0.9998493582400758,0.9995130238801565,0.9998826965465648,0.9997216090876593,0.999827990283645,0.9998395829957463,0.9997959151849233,0.999007986261228,0.9998480336071777,0.9999015458345393,0.9997928668128948,0.9990886444982604,0.9988413913143233,0.9997592901230732,0.9997294963751275,0.9993634916610861,0.9996944523861699,1.0,0.9997257323707404,0.9996346336227695,0.9999144631025839,0.9998208149644715,0.9998144358095126,0.9998111701841536,0.9995875931770821,0.9998343590952096,0.9998998672068236,0.9993361561896644,0.9998560419025456,0.9995721875330033,0.9997258814053431,0.9998905498370083,0.9997811121115269,0.9998183184820713,0.9988229491412335,0.9999433405113846,0.9999226236269259,0.9999385671491773,0.9996065395010475,0.9998641977475042,0.999024665041263,0.9990467831745341,0.9998115890059074,0.9998149982090665,0.9998961040452415,0.9978341842181241,0.9999027503075925,0.9998601081629221,0.9999346088460207,0.9994666757914901,0.9997803123780187,0.9998875622500926,0.9997230168855568,0.9995870917144054,0.9994730944711101,0.998135975846672,0.9999209501857825,0.9999639917595152,0.9998915365757222,0.9996203905449581,0.9986249331904034,0.9992193989750274,0.9998104166394226,0.9996161164340737,0.9993374713952308,0.9996395178820845,0.9985102190066594,0.9994720592021605,0.9997232762333027,0.9996887836543451,0.9999338825061768
S058_007,0.9999505491482448,0.9998643563573567,0.9988484276139733,0.9997001357279768,0.9998192487609546,0.9997687516930945,0.9997668908594828,0.9999635905320562,0.9995350934929553,0.9998058834274018,0.9998836122056665,0.9998595040815046,0.9992339794958008,0.9993741874876287,0.9999183569099668,0.9999160400506657,0.9994657292710636,0.9997795912354194,0.9997257323707404,1.0,0.9998958457559947,0.9999287978116533,0.9998750008574085,0.9999138923324238,0.9995927337435889,0.999503418741488,0.9998959923116573,0.999844820148373,0.9995422411871158,0.9998592803229459,0.9998561799059643,0.9995544240321586,0.999864525727161,0.9996695333452315,0.9998280426170927,0.9984788942917205,0.9996634990529599,0.9998987535499815,0.9998407292592616,0.9995362029423498,0.9998873455525901,0.9982948313787342,0.9992713762391296,0.999920534626446,0.9996189591572493,0.9999496336716182,0.9979831034489274,0.9998934525024823,0.9997501170711723,0.9999186543029147,0.999878697820829,0.9997692605557091,0.9999342602684729,0.9998640842549725,0.999805593579203,0.999830677331918,0.9985838497776238,0.9998357152885249,0.9997779417582601,0.999922020352003,0.9996168182809378,0.9992885837565201,0.9996209662349587,0.9997698855909093,0.9995343808228347,0.9992376915934633,0.999879338988975,0.9994865963779153,0.9997370673981463,0.9998543991075097,0.9998492646370243,0.9998947644587755
S059_007,0.9998829739305949,0.9996841819596449,0.9985319153496497,0.99950256126916,0.9994780784121272,0.999485267605881,0.9994722632543657,0.9998045672675391,0.9998235298773214,0.9995275962656535,0.9996693107699723,0.9995771571332099,0.9986313593136248,0.999720952242702,0.9997373486665867,0.9996907581234337,0.9998213322416453,0.9999181588775067,0.9996346336227695,0.9998958457559947,1.0,0.9998324906627024,0.999665045082034,0.9998296667994373,0.9992549814592208,0.9990644027245527,0.9997296709201474,0.9996159639295505,0.9990799999749467,0.9995918055960513,0.9996003104933742,0.9991548015876284,0.9997033877657743,0.9992994577687749,0.9995301957132644,0.9977366227504603,0.999434465454662,0.9997271892763275,0.9996724911834587,0.9990970747619508,0.9998498914631215,0.9978103638847363,0.9987451192340244,0.9996866354235207,0.9993546614602961,0.9998500635996138,0.9970286629680981,0.9997699391122365,0.9994960265047841,0.999813894765024,0.9999305177449793,0.9994256296453037,0.9997910776144966,0.9997407152685134,0.9994684025467853,0.9999381802357923,0.9992119743333064,0.999735050716861,0.9995823375111916,0.9997446854122304,0.9991681931149061,0.9988430077416085,0.9998587843740762,0.9994492989534807,0.9990854988977004,0.9986622616939999,0.9995568430436721,0.9994543276449306,0.9993128454605945,0.9995832930700371,0.9995532916580216,0.9998405848714026
S060_007,0.9999078801048301,0.9999252008595569,0.9992878282657938,0.9998536136040632,0.9998395269017842,0.9998854292635143,0.9998739468567989,0.9999604974176596,0.9993207911739708,0.9999078522728713,0.9999611079248186,0.9999065848034948,0.999268122237093,0.9991425567485546,0.9998970182460795,0.9999137767044166,0.9994823789801085,0.9997864053705877,0.9999144631025839,0.9999287978116533,0.9998324906627024,1.0,0.9999421188938733,0.9999566222424455,0.9997862330360779,0.9996421403259467,0.9999257993206864,0.9999444482368942,0.9995279680691255,0.9999172472960876,0.9998147220189432,0.9997276160206698,0.9999253659372395,0.9997895312435615,0.9998777053198881,0.9987322379987034,0.9998528484450805,0.9999706092486969,0.9999655981751365,0.9996599791504461,0.9999421434187655,0.9986877014072265,0.9993011433357288,0.9999300000437387,0.9997793980604824,0.99996969575188,0.9980324179322572,0.9999815527308638,0.9998932516744768,0.9999847000913734,0.9997340299689522,0.9998367852277948,0.9999751630029217,0.9998854600242212,0.9997880137852904,0.9996988074807069,0.9984078938371566,0.999908134134362,0.9999339458739028,0.9999798214768921,0.9996899950275406,0.999063025323264,0.9994704998942202,0.9998632316604755,0.9996602196296678,0.9993844749799544,0.9998266456255377,0.9990860320500039,0.9996609663845769,0.99986906538789,0.9998350637263713,0.9999857933452335
S061_007,0.9997972189241796,0.9998738594799941,0.9993598116109722,0.9998546419281189,0.9998890290042286,0.999911910336172,0.9999148587706703,0.9999453939798616,0.9990324711870457,0.9999363590968907,0.9999454928322381,0.9999429411534575,0.9994790514771582,0.9988508146443785,0.9998987604621192,0.999936997903552,0.9991933259972474,0.9995699903834104,0.9998208149644715,0.9998750008574085,0.999665045082034,0.9999421188938733,1.0,0.9998568424554696,0.9998446451243506,0.9997318563936847,0.9999124947468518,0.9999425155637276,0.9996487727944842,0.9999507362561233,0.9998191190038599,0.9998489910671338,0.9999159916029037,0.9998705018600599,0.9998849410073645,0.9990005038237281,0.9998247494599274,0.9999405219991951,0.9999502463384858,0.9997455102992613,0.9998238129961076,0.9987924991003121,0.9994631587228924,0.9999561024860034,0.9998578518170124,0.9998857290304547,0.9984350262085352,0.9999641021869291,0.999897610137386,0.99989878755828,0.9996382282832971,0.9998776255030315,0.9999261162564245,0.9998507273039523,0.9998765632330976,0.999568702585753,0.9980112527252905,0.999813548446679,0.9999051488571674,0.999947322542029,0.9998058476198523,0.9991447474257483,0.9991874371156736,0.9999416413585425,0.9997555106790524,0.9995562184014158,0.9998775040106523,0.9990450260243076,0.9997504536503888,0.9998845830761678,0.9998438292388528,0.999893411160118
S062_007,0.9999377717919965,0.9999049576989854,0.9991301281866062,0.99972601081355,0.9998132967072683,0.9998490015397677,0.999794823256744,0.999931063869566,0.9993731489025307,0.9998618249746932,0.9999162807817593,0.9998720384139858,0.9992661552323159,0.9991370487704659,0.9998237053087309,0.999897644315854,0.9994463047653617,0.9997655345885853,0.9998144358095126,0.9999138923324238,0.9998296667994373,0.9999566222424455,0.9998568424554696,1.0,0.9997179326633386,0.999638131594208,0.9998395830381811,0.9998932463369938,0.9995378114031385,0.9998310478199098,0.9998767143978669,0.9996255974747479,0.9997961908393075,0.9996999037228519,0.9998383521457598,0.9986193028316248,0.999750098322981,0.999898167624679,0.9998853913601161,0.9996554561064673,0.9999140191610838,0.9984717364517322,0.9993934327859034,0.999856952636313,0.9995921402163226,0.9999182169097574,0.9980363385323182,0.9999081529507514,0.9998668762052129,0.999941674278261,0.9996853604768532,0.9997934303026191,0.9999303515825778,0.9998630921447822,0.9997631573779198,0.999628288747579,0.998363471589227,0.9998197688412713,0.9998523999621779,0.9999492943507375,0.9996348193486315,0.9992328205510299,0.999522146022554,0.9997668290923105,0.9996411197027167,0.9993605670582133,0.9998137758013477,0.9991690347771783,0.9996472627704316,0.9998618659706152,0.9998358830035123,0.9999361267325743
S063_007,0.9995482222970296,0.99981326395667,0.9996147767658039,0.9998233960089297,0.9998729085674385,0.9999223535485071,0.9999080305996219,0.9997321559186866,0.9983784556165582,0.9999442950289438,0.999898036224291,0.9998780292179213,0.9996065851061416,0.998097639137554,0.9996617455699213,0.9997554612336472,0.9986730348550655,0.9992319982152922,0.9998111701841536,0.9995927337435889,0.9992549814592208,0.9997862330360779,0.9998446451243506,0.9997179326633386,1.0,0.9998908458617267,0.9997210831049106,0.9999363281972729,0.9996221703906675,0.9998860511983019,0.9996688439714307,0.9999543336117546,0.9997482127059861,0.9999702463305571,0.9998867383092678,0.9994980585251367,0.9999197096909157,0.9998359752508563,0.9998828584636574,0.9999364961207415,0.9996099336352829,0.9993589392849774,0.9995321087989544,0.9998051509993888,0.999789962673232,0.9997265253367238,0.9987697176038932,0.9997985019394859,0.9999660955190283,0.9997817781332765,0.999108003269759,0.9999329128391239,0.9997719491652844,0.9995949116979426,0.9997424929600169,0.9990398759167836,0.9970725532113206,0.999742938063188,0.9999228096518655,0.9998555727964052,0.999916027971941,0.9989578536420888,0.9986197733055074,0.9999304753683563,0.9999351309450942,0.9998115718243381,0.9997726312824003,0.9983052814523692,0.9997106651142061,0.9998083794202643,0.9997589862183441,0.999744474402556
S064_007,0.999500896099406,0.9997173250874432,0.9995614113133923,0.9996491307790483,0.9998895955051469,0.9999155803326603,0.9998773439630887,0.9996868411373172,0.9981867507341139,0.999881518893933,0.999816087740498,0.9998827617010319,0.9998090994749022,0.99784460580019,0.9996351219572994,0.9997822145280928,0.9983108983024053,0.9990234551803268,0.9995875931770821,0.999503418741488,0.9990644027245527,0.9996421403259467,0.9997318563936847,0.999638131594208,0.9998908458617267,1.0,0.9996475379725441,0.999810899748264,0.9998717098429697,0.9998157551263674,0.9997831778875844,0.9999274310200564,0.9996153957899662,0.9998759179570955,0.999875749970556,0.9995092231780368,0.9997544129238368,0.9997322595876067,0.9997354456309777,0.9999512095057533,0.9995402855740079,0.9989319197442575,0.999840254487638,0.9997492286737062,0.9996867189482703,0.999566071207393,0.9992532577680345,0.9996696057079517,0.9998492092572372,0.9996435153085246,0.9989687592753405,0.9998958001621543,0.9997053213137708,0.999624750116666,0.9998294331807694,0.9988015721146433,0.9966120585981966,0.9994781061033461,0.9997783334107015,0.9997650585615199,0.9999149561034775,0.9993752431654703,0.9985206782026702,0.9998562477825615,0.9999779116718944,0.9999487385875032,0.9997987769743796,0.9984190660078797,0.9997857799449108,0.999807545888439,0.9998477855894237,0.9995585276354054
S065_007,0.9998970946444148,0.9999337605087814,0.9992562569421142,0.9999138591398608,0.999875444995713,0.9998941643833891,0.9999267175300282,0.9999609673633107,0.9992192066294006,0.999898594890419,0.9999282893789033,0.9999146107068063,0.9994300043434012,0.9990734136804558,0.9999029280534278,0.9999278603953595,0.9992801755117644,0.9996194507752426,0.9998343590952096,0.9998959923116573,0.9997296709201474,0.9999257993206864,0.9999124947468518,0.9998395830381811,0.9997210831049106,0.9996475379725441,1.0,0.9998859763325341,0.9996068088760779,0.9999394542662019,0.9998177815235125,0.9997565304452571,0.999978413177352,0.9997729700705267,0.9998876436296117,0.9988542001400561,0.9998408406680634,0.9999707852596361,0.9999410834608672,0.999638510812361,0.9999063309560896,0.9986303040434624,0.9993166974940447,0.9999699372243351,0.9998773147858245,0.9999179481309735,0.9983031087337019,0.9999110274565748,0.9998104484493139,0.9999381710276934,0.9997479469562507,0.9998460431621742,0.9999527310379313,0.9999360056232436,0.9998805798289646,0.9996713783380018,0.9982406579637135,0.9998352853780825,0.9998929217731651,0.9999391028413975,0.9997298785615115,0.9990927996996464,0.999396816833529,0.999897986109007,0.9996443750559372,0.9994349818876137,0.9998445215278159,0.9991683356321283,0.9997553624504416,0.9999185946344835,0.9998818317713072,0.9999185808633534
S066_007,0.9998042468927697,0.9999380480900213,0.9994105613340684,0.9998865936260876,0.9999337792133718,0.9999498102614026,0.9999431877990124,0.999910493442519,0.9989477430352598,0.9999821937696909,0.9999889577992189,0.999952431284223,0.999513314048238,0.9987194030965443,0.9998452128830174,0.9998949727918456,0.9991191252237581,0.9995645420151461,0.9998998672068236,0.999844820148373,0.9996159639295505,0.9999444482368942,0.9999425155637276,0.9998932463369938,0.9999363281972729,0.999810899748264,0.9998859763325341,1.0,0.9996396860257609,0.9999669441912536,0.9998118043690812,0.9998799535470138,0.9998960470040937,0.9999441294673954,0.9999538271425102,0.999177810683242,0.9999343587765525,0.9999614641891226,0.9999701842306684,0.9998616855494431,0.9998213002933681,0.9990838697330482,0.9994662967881905,0.9999386134454974,0.9998174777852136,0.9999226288992157,0.9984721342815703,0.9999310013905768,0.9999806873036786,0.9999441602119199,0.9995067621072292,0.9999591628332519,0.9999314291134709,0.999784245127955,0.9998348845079352,0.9994596172401621,0.9978104923204594,0.9999032934087982,0.999973875669402,0.9999790380726137,0.9998789954571776,0.9991121141688302,0.9991229492555728,0.9999562419414488,0.9998558076053022,0.9996508194933399,0.9998900817146642,0.9988238411284758,0.9997930650470919,0.9999132589217945,0.99987180741931,0.9999158329510757
S067_007,0.9994951233050251,0.9995596004770138,0.999194713853279,0.9994125793421863,0.999836646451575,0.9997807855923504,0.9997552953173888,0.9996813681208057,0.9983578987883827,0.9997253933626948,0.99969978843521,0.9998356190586373,0.9997512693732677,0.9980477376469771,0.9997182945786294,0.9998067906458035,0.9982390098497672,0.9990135489912826,0.9993361561896644,0.9995422411871158,0.9990799999749467,0.9995279680691255,0.9996487727944842,0.9995378114031385,0.9996221703906675,0.9998717098429697,0.9996068088760779,0.9996396860257609,1.0,0.9997399132686791,0.9998376795988363,0.999743796335505,0.9995460148655875,0.9996942109270075,0.9998069186781421,0.9991179012346862,0.9994827667882304,0.9996321897056859,0.9995544991484515,0.9997496687437721,0.9995055691358968,0.9982301976344058,0.9998875235319797,0.9997275154173394,0.999557516894167,0.99948603464189,0.9992959178599047,0.9995828784855957,0.9996108353685896,0.9995215722820229,0.9991092822187064,0.9997677757696614,0.999666211803281,0.9996516544295433,0.9998654421240971,0.9988900693855556,0.996733033204118,0.9992849000964644,0.9995667861698897,0.9996595285242279,0.9997822025084752,0.9997402573458369,0.9986914278048103,0.9997252230724545,0.9998183209965228,0.9997952261285427,0.9998355589440331,0.9988771794610065,0.9998239558731008,0.9997336601030585,0.9998864868138025,0.9993954529884735
