,S010_001,S010_002,S010_003,S010_005,S010_006,S010_007
S010_001,1.0,0.9999028430476619,0.9999519968237205,0.9999592117177077,0.9999266452965611,0.9997004156141686
S010_002,0.9999028430476619,1.0,0.999879561092042,0.999956286743493,0.9999845781821203,0.9996117677688533
S010_003,0.9999519968237205,0.999879561092042,1.0,0.9999173712664277,0.9999235069401383,0.999626827494466
S010_005,0.9999592117177077,0.999956286743493,0.9999173712664277,1.0,0.9999470283401424,0.9996579146237238
S010_006,0.9999266452965611,0.9999845781821203,0.9999235069401383,0.9999470283401424,1.0,0.9996850921675665
S010_007,0.9997004156141686,0.9996117677688533,0.999626827494466,0.9996579146237238,0.9996850921675665,1.0
