,S011_001,S011_003,S011_004,S011_005,S011_006,S011_007
S011_001,1.0,0.9998948593446298,0.9999406222599077,0.9998885217920399,0.9999224482115339,0.99987098799306
S011_003,0.9998948593446298,1.0,0.9999123322555856,0.9998902308549839,0.9999565588697583,0.9999512329603298
S011_004,0.9999406222599077,0.9999123322555856,1.0,0.9998083291663461,0.9999734686297421,0.9998094103585884
S011_005,0.9998885217920399,0.9998902308549839,0.9998083291663461,1.0,0.9998480331985593,0.9999591110708996
S011_006,0.9999224482115339,0.9999565588697583,0.9999734686297421,0.9998480331985593,1.0,0.999860100290965
S011_007,0.99987098799306,0.9999512329603298,0.9998094103585884,0.9999591110708996,0.999860100290965,1.0
