,S022_001,S022_002,S022_003,S022_005,S022_006,S022_007
S022_001,1.0,0.9999743577505176,0.9999752798404493,0.9999886675541506,0.999985176760163,0.9999402921265652
S022_002,0.9999743577505176,1.0,0.9999699258975017,0.9999446551160756,0.9999563215636297,0.9998938907983714
S022_003,0.9999752798404493,0.9999699258975017,1.0,0.9999725751544846,0.9999879515766694,0.9998950090448677
S022_005,0.9999886675541506,0.9999446551160756,0.9999725751544846,1.0,0.9999944250974481,0.9999602334363951
S022_006,0.999985176760163,0.9999563215636297,0.9999879515766694,0.9999944250974481,1.0,0.9999394123069305
S022_007,0.9999402921265652,0.9998938907983714,0.9998950090448677,0.9999602334363951,0.9999394123069305,1.0
