,S026_001,S026_002,S026_003,S026_005,S026_006,S026_007
S026_001,1.0,0.9998899427456666,0.9997992648590763,0.9998316881166017,0.9998422658574073,0.9998113339951861
S026_002,0.9998899427456666,1.0,0.9999417938081121,0.9999648121946594,0.9999499871432834,0.9997816047702666
S026_003,0.9997992648590763,0.9999417938081121,1.0,0.9999782274754676,0.9999223672984762,0.9997806518625666
S026_005,0.9998316881166017,0.9999648121946594,0.9999782274754676,1.0,0.9999595878025525,0.9997793373500364
S026_006,0.9998422658574073,0.9999499871432834,0.9999223672984762,0.9999595878025525,1.0,0.9997711263449747
S026_007,0.9998113339951861,0.9997816047702666,0.9997806518625666,0.9997793373500364,0.9997711263449747,1.0
