,S032_001,S032_002,S032_004,S032_005,S032_006,S032_007
S032_001,1.0,0.9999370241136051,0.9999081036048908,0.9998725898766053,0.9999555185835407,0.9999392951140645
S032_002,0.9999370241136051,1.0,0.9999931788766491,0.9999662392878409,0.9999785693668137,0.9999013764797168
S032_004,0.9999081036048908,0.9999931788766491,1.0,0.9999519468501625,0.9999663826175039,0.99985150358037
S032_005,0.9998725898766053,0.9999662392878409,0.9999519468501625,1.0,0.999935088445733,0.999869083418212
S032_006,0.9999555185835407,0.9999785693668137,0.9999663826175039,0.999935088445733,1.0,0.9999374531136399
S032_007,0.9999392951140645,0.9999013764797168,0.99985150358037,0.999869083418212,0.9999374531136399,1.0
