,S037_001,S037_002,S037_003,S037_005,S037_006,S037_007
S037_001,1.0,0.9998868282433263,0.9999509671862356,0.999891247277302,0.9998823190259444,0.9994937999920509
S037_002,0.9998868282433263,1.0,0.9999484183224152,0.9999727778381915,0.9999308636068378,0.9998238872215136
S037_003,0.9999509671862356,0.9999484183224152,1.0,0.9999653155799361,0.999964137207063,0.999661865313671
S037_005,0.999891247277302,0.9999727778381915,0.9999653155799361,1.0,0.9999682643252652,0.9998106817850894
S037_006,0.9998823190259444,0.9999308636068378,0.999964137207063,0.9999682643252652,1.0,0.999682307942644
S037_007,0.9994937999920509,0.9998238872215136,0.999661865313671,0.9998106817850894,0.999682307942644,1.0
