,S050_001,S050_003,S050_004,S050_005,S050_006,S050_007
S050_001,1.0,0.999976960494677,0.9999576828544814,0.999922948853386,0.9999340654100612,0.9994720231233238
S050_003,0.999976960494677,1.0,0.9999834294550604,0.999957631850338,0.9999450789419464,0.9995731444968682
S050_004,0.9999576828544814,0.9999834294550604,1.0,0.9999376282866648,0.9999138744644149,0.9995556695888069
S050_005,0.999922948853386,0.999957631850338,0.9999376282866648,1.0,0.9998915498327765,0.9994772260866209
S050_006,0.9999340654100612,0.9999450789419464,0.9999138744644149,0.9998915498327765,1.0,0.9996706519916522
S050_007,0.9994720231233238,0.9995731444968682,0.9995556695888069,0.9994772260866209,0.9996706519916522,1.0
