,S067_001,S067_002,S067_003,S067_005,S067_006,S067_007
S067_001,1.0,0.9999330024817495,0.9998794870578273,0.9998859489287377,0.9997409719776051,0.9997327961770301
S067_002,0.9999330024817495,1.0,0.9999640673311703,0.999964841841924,0.9996805681540873,0.9995557966354893
S067_003,0.9998794870578273,0.9999640673311703,1.0,0.9999642284229886,0.9997579971298896,0.9995119316205191
S067_005,0.9998859489287377,0.999964841841924,0.9999642284229886,1.0,0.9997610611417079,0.9995802798036485
S067_006,0.9997409719776051,0.9996805681540873,0.9997579971298896,0.9997610611417079,1.0,0.999555766925607
S067_007,0.9997327961770301,0.9995557966354893,0.9995119316205191,0.9995802798036485,0.999555766925607,1.0
