,S071_001,S071_002,S071_003,S071_005,S071_006,S071_007
S071_001,1.0,0.9998963214888105,0.99996241132141,0.9999744012137709,0.9999584944900353,0.9999041319720332
S071_002,0.9998963214888105,1.0,0.9999175415472504,0.9998401775791681,0.9998723282116018,0.9997903302988511
S071_003,0.99996241132141,0.9999175415472504,1.0,0.9999379824887905,0.9999358341816157,0.9999259538200886
S071_005,0.9999744012137709,0.9998401775791681,0.9999379824887905,1.0,0.9999715238512032,0.9998886458571841
S071_006,0.9999584944900353,0.9998723282116018,0.9999358341816157,0.9999715238512032,1.0,0.9999197643389597
S071_007,0.9999041319720332,0.9997903302988511,0.9999259538200886,0.9998886458571841,0.9999197643389597,1.0
