,S075_001,S075_002,S075_003,S075_005,S075_006,S075_007
S075_001,1.0,0.9998609689858148,0.9999603445377476,0.9999373836820523,0.9998262414032478,0.9991056511478541
S075_002,0.9998609689858148,1.0,0.9998975106239366,0.9999486870609758,0.9998914584020994,0.9990656949393868
S075_003,0.9999603445377476,0.9998975106239366,1.0,0.9999814946825347,0.9998679161121958,0.9989909449873544
S075_005,0.9999373836820523,0.9999486870609758,0.9999814946825347,1.0,0.9999336088432331,0.9991123888818537
S075_006,0.9998262414032478,0.9998914584020994,0.9998679161121958,0.9999336088432331,1.0,0.9991802373476883
S075_007,0.9991056511478541,0.9990656949393868,0.9989909449873544,0.9991123888818537,0.9991802373476883,1.0
