,S077_001,S077_002,S077_003,S077_005,S077_006,S077_007
S077_001,1.0,0.9999950955789432,0.9999929678543296,0.999977535513651,0.9999747894976545,0.9999927565154848
S077_002,0.9999950955789432,1.0,0.9999891147255409,0.9999855656183382,0.9999711650679214,0.999984011425989
S077_003,0.9999929678543296,0.9999891147255409,1.0,0.99997898265082,0.9999747378761351,0.9999915967137194
S077_005,0.999977535513651,0.9999855656183382,0.99997898265082,1.0,0.9999280013585103,0.9999559785824682
S077_006,0.9999747894976545,0.9999711650679214,0.9999747378761351,0.9999280013585103,1.0,0.9999900318555291
S077_007,0.9999927565154848,0.999984011425989,0.9999915967137194,0.9999559785824682,0.9999900318555291,1.0
