,S078_001,S078_002,S078_003,S078_005,S078_006,S078_007
S078_001,1.0,0.999837066407805,0.999893675031616,0.9998819000147102,0.9998956607437246,0.9999161308816215
S078_002,0.999837066407805,1.0,0.9998938662134796,0.9999248688639018,0.9999104678976668,0.9999706188793887
S078_003,0.999893675031616,0.9998938662134796,1.0,0.9999788610039564,0.999978126257549,0.9999450107088428
S078_005,0.9998819000147102,0.9999248688639018,0.9999788610039564,1.0,0.999983556778575,0.999953735454032
S078_006,0.9998956607437246,0.9999104678976668,0.999978126257549,0.999983556778575,1.0,0.9999634852928522
S078_007,0.9999161308816215,0.9999706188793887,0.9999450107088428,0.999953735454032,0.9999634852928522,1.0
