,S110_001,S110_002,S110_004,S110_005,S110_006,S110_007
S110_001,1.0,0.9999846973380239,0.9999828496607918,0.9999719961294903,0.9999529897040349,0.9989712991254198
S110_002,0.9999846973380239,1.0,0.9999778684613154,0.9999658003709796,0.9999466706220319,0.999036600870571
S110_004,0.9999828496607918,0.9999778684613154,1.0,0.9999915490524826,0.9999817501006015,0.9992022798956331
S110_005,0.9999719961294903,0.9999658003709796,0.9999915490524826,1.0,0.9999828239720037,0.9992339715286199
S110_006,0.9999529897040349,0.9999466706220319,0.9999817501006015,0.9999828239720037,1.0,0.9992228117415346
S110_007,0.9989712991254198,0.999036600870571,0.9992022798956331,0.9992339715286199,0.9992228117415346,1.0
