,S113_001,S113_002,S113_004,S113_005,S113_006,S113_007
S113_001,1.0,0.9999107465185901,0.9999359262230539,0.9999452490730211,0.9998934430574896,0.9997439179822056
S113_002,0.9999107465185901,1.0,0.9999335397856981,0.9999292321340328,0.9999503501713062,0.9997883512370584
S113_004,0.9999359262230539,0.9999335397856981,1.0,0.9999635357028909,0.9999500523918542,0.999824344457227
S113_005,0.9999452490730211,0.9999292321340328,0.9999635357028909,1.0,0.9999635653125653,0.9997867351458182
S113_006,0.9998934430574896,0.9999503501713062,0.9999500523918542,0.9999635653125653,1.0,0.9998822914486435
S113_007,0.9997439179822056,0.9997883512370584,0.999824344457227,0.9997867351458182,0.9998822914486435,1.0
