,S010_006,S011_006,S014_006,S022_006,S026_006,S032_006,S035_006,S037_006,S042_006,S044_006,S045_006,S046_006,S050_006,S052_006,S055_006,S056_006,S057_006,S058_006,S060_006,S062_006,S064_006,S065_006,S066_006,S067_006,S068_006,S069_006,S071_006,S072_006,S073_006,S075_006,S076_006,S077_006,S078_006,S080_006,S081_006,S082_006,S083_006,S085_006,S087_006,S093_006,S094_006,S095_006,S098_006,S100_006,S105_006,S106_006,S108_006,S110_006,S112_006,S113_006,S114_006,S115_006,S116_006,S117_006,S118_006,S119_006,S120_006,S122_006,S124_006,S125_006
S010_006,1.0,0.9999190281273278,0.999857007513613,0.9999309804325335,0.9999578438514608,0.9999304099733589,0.9998553456727194,0.9999771764363843,0.9999557214758611,0.9999370251064161,0.9999389682384539,0.9999403246696484,0.9999163499093419,0.999884849314492,0.9999448189707195,0.9999194906169896,0.9994820115005543,0.9999703304129789,0.9999188983121234,0.9998452595299381,0.9999095615835786,0.9997809850594707,0.9998438601857383,0.9998159336993087,0.9999557508063109,0.9998549131764554,0.9999086713429571,0.9999197497667017,0.9998886785814071,0.9999077371443154,0.999952098063479,0.999815204321755,0.9999269232457815,0.9999243252843639,0.9999237298308082,0.9998783819825818,0.9999497703312902,0.9998440267153837,0.9998843299192658,0.9999030059859252,0.999822785217905,0.9999162415734696,0.9997137154009461,0.9999046596961518,0.999962813782586,0.9996500383003212,0.9999746458134507,0.9999053536167727,0.999921821240277,0.9999168015278712,0.9999300896606885,0.9999379501089668,0.9998959157635632,0.9999299554105813,0.9998868949071902,0.9999154337726769,0.9999100436792951,0.9999247230272053,0.9999465657927159,0.9999502618506846
S011_006,0.9999190281273278,1.0,0.9998890379074898,0.9999915587197014,0.9999861255214247,0.9999780671246363,0.999973415563083,0.9999413269589442,0.9999283956896432,0.9999543633352396,0.9999453891850586,0.9999776127379845,0.9999312183950274,0.9999839775321341,0.9999527101123318,0.9999468122767935,0.9995519996152687,0.9999485914270262,0.9999595703727827,0.9998034362699244,0.9999651912346893,0.9998395928121531,0.9999589156486444,0.9998893503917335,0.9999643221419213,0.9999462108012448,0.9999756642146517,0.9999939471119234,0.9999567874167075,0.9999475060635916,0.9999616680296469,0.9998996864081898,0.9999857090844195,0.9999811419605908,0.9999605380075253,0.99991283010902,0.9999550448741978,0.9999573659717894,0.9999287065263162,0.9999012746516978,0.9996784699389007,0.9999560912535416,0.9998850861041375,0.9999548995194601,0.999953388122547,0.9998671486789925,0.9999045448664813,0.9998879915546325,0.9999692205960374,0.9999528530730127,0.9999828449688641,0.9999602631600386,0.9998976482843924,0.9999783170657143,0.999982260467445,0.9999922094613521,0.999989062186842,0.9999758153503976,0.9998467284120892,0.9998979702865235
S014_006,0.999857007513613,0.9998890379074898,1.0,0.9999088396026714,0.9998975401236438,0.999900102718214,0.9997755547428551,0.9998922793052516,0.9999085045272149,0.9998601691330317,0.9999113738658562,0.9998005579472785,0.9998685042373213,0.9998205959912252,0.9998850240289101,0.999915035745975,0.9995294086273221,0.9998247434918296,0.9998238242930952,0.9999149500497831,0.9998135941384243,0.999975180270921,0.9997958474841694,0.9997131888294667,0.9998707801524159,0.9998389288749915,0.9998667775975619,0.9998690052685811,0.9998177309498454,0.9998695466423877,0.9999417105649843,0.9997384300963615,0.999914584892481,0.9998504063557662,0.9998236998836475,0.9997649093364304,0.9998454657533302,0.9998431757079189,0.99982181201505,0.9998642452327584,0.9995677898784028,0.9998787842718954,0.9996591252233007,0.9998068090301513,0.9998771799908919,0.9997584654998688,0.9998717044484611,0.9997467578775541,0.9998523525821321,0.9999196238252995,0.9998322576910619,0.9998698837663469,0.9997144154775759,0.999862286576969,0.9998183656471384,0.9998752996912303,0.9999108425728758,0.9998484232461357,0.9997312067166036,0.9999311096276612
S022_006,0.9999309804325335,0.9999915587197014,0.9999088396026714,1.0,0.999988413951251,0.999993342116981,0.9999435822789285,0.9999646692926766,0.9999620328535009,0.9999774958916862,0.9999729445084616,0.9999676780734043,0.9999558599416541,0.9999775598970002,0.9999802411079706,0.9999746227105026,0.9996277521493955,0.9999664860975559,0.9999640008728697,0.9998095058265708,0.9999696647335342,0.9998465745958569,0.9999600235725773,0.9999058874443562,0.999956379259129,0.9999702957453811,0.9999849427299059,0.9999908043508181,0.9999582040337546,0.9999711599592982,0.9999792420925637,0.9999170061363144,0.9999965613595084,0.9999875333461948,0.9999528059103933,0.9999182077363301,0.9999708416127213,0.9999592713649746,0.9999152557090691,0.9999459501721916,0.9997477463710857,0.9999784559154433,0.9998657965616611,0.9999588409846745,0.9999726612821327,0.9998507893947773,0.9999281908274147,0.9999124218096019,0.9999735940579707,0.9999760072476644,0.9999858652549344,0.9999622085666524,0.9999230095497348,0.9999895031739027,0.9999777752838522,0.9999910045579807,0.9999963861768789,0.9999766482657481,0.9998859929547502,0.9999232896774247
S026_006,0.9999578438514608,0.9999861255214247,0.9998975401236438,0.999988413951251,1.0,0.9999847305879181,0.9999350642217449,0.9999674255430111,0.9999530297078991,0.999967537865437,0.9999516697686975,0.9999755589980106,0.9999479027010797,0.9999594262364113,0.9999649483389367,0.9999494014914129,0.9995127489585842,0.9999732772816261,0.9999531096875294,0.9998417348551298,0.9999512975272591,0.9998235135515927,0.9999223952396045,0.9999001523127109,0.9999604405628126,0.9999299750523196,0.9999777540429137,0.9999766170952658,0.999950377336932,0.999948255686502,0.9999674597388589,0.9998668631942628,0.9999835397211538,0.9999775480960147,0.9999656697031506,0.9999195107551333,0.9999695553768273,0.999959938868929,0.99993576586025,0.9999117234189783,0.9997448781326369,0.9999496269287236,0.9998193164523707,0.9999422463777996,0.9999656865684878,0.9997847209270461,0.9999303054853174,0.9998861735521324,0.9999841057251019,0.9999691691370379,0.9999786497222226,0.9999520663481156,0.9999103611195447,0.9999692330498636,0.9999597945802643,0.9999895345977128,0.9999847046357005,0.9999567641140095,0.9998948159411171,0.9999249479074545
S032_006,0.9999304099733589,0.9999780671246363,0.999900102718214,0.999993342116981,0.9999847305879181,1.0,0.9999136964479243,0.9999603399676006,0.9999570612542298,0.9999766738887408,0.9999661773432093,0.9999549700564584,0.9999805269039392,0.9999592692202837,0.9999823794840139,0.9999631497084482,0.9996524143151998,0.9999718185998646,0.9999734715838924,0.9998190655825854,0.9999575497612901,0.9998315422842331,0.9999480091644435,0.9999327045402148,0.9999478471272091,0.9999659654317913,0.9999895592806162,0.9999759878161721,0.999969772385388,0.9999768664799392,0.9999784462319594,0.9999188714489813,0.9999960539942253,0.9999918964857935,0.9999598540750784,0.9999359682011695,0.999955119611961,0.9999589055814732,0.9999300302345002,0.9999450921369094,0.9997564609121029,0.9999654711700562,0.9998168350729506,0.9999481337570927,0.9999809371894203,0.9998320790334831,0.9999371380975741,0.9999177166967371,0.9999660219606209,0.9999808778892991,0.9999824824506937,0.999960099676171,0.9999388997880768,0.9999813907701305,0.999960691154821,0.9999841769840994,0.9999929987385486,0.9999641848008293,0.999902381968219,0.999931758324727
S035_006,0.9998553456727194,0.999973415563083,0.9997755547428551,0.9999435822789285,0.9999350642217449,0.9999136964479243,1.0,0.9998751976358516,0.9998485195410133,0.9998973012446135,0.999879731247368,0.9999717868673421,0.9998443040877638,0.9999810451972208,0.9998860921569396,0.9998831784784298,0.9994614103200358,0.9998984202364235,0.999922534042029,0.99967707568104,0.9999481635055021,0.999734645428358,0.9999535279450024,0.999838654379567,0.9999334705767795,0.9999038671986217,0.9999256954204186,0.9999743788150116,0.9999179263471406,0.9998832433702046,0.9998880439301095,0.9998779552368006,0.999929189034351,0.9999416151532932,0.9999249655187397,0.9998632832293715,0.9999182428625334,0.9999086863169391,0.9998780998528003,0.9998258378964182,0.999601611038004,0.9999104509716964,0.9999369137966819,0.9999403653923429,0.9998899523833134,0.9998652834212546,0.9998259585070663,0.9998534450565371,0.9999280922326409,0.999868238101811,0.9999575656525076,0.9999217505100885,0.9998588960833535,0.9999457231529048,0.9999776073682503,0.9999565063481833,0.9999364766450966,0.9999580249391118,0.9997785480616966,0.9997944338771376
S037_006,0.9999771764363843,0.9999413269589442,0.9998922793052516,0.9999646692926766,0.9999674255430111,0.9999603399676006,0.9998751976358516,1.0,0.9999826530146563,0.9999586998950134,0.9999864968743737,0.9999474198286904,0.9999285774154382,0.9999290338677173,0.9999721626220357,0.9999786138901741,0.9996103671829917,0.999977128072029,0.9999374009015707,0.9998400452521533,0.9999269092325352,0.9998086207038347,0.9999050016324346,0.9998673298608025,0.9999572363249181,0.9999311790706138,0.9999508288131238,0.9999527145432656,0.9999205528658861,0.9999317560341663,0.9999696964898053,0.9998570283535553,0.9999638690935325,0.9999484338734875,0.9999328238348525,0.9998569430733943,0.9999777436685149,0.9998935815488256,0.9998859871155104,0.999963404459081,0.9998500490782406,0.9999595557718142,0.9997690533816834,0.9999520383874276,0.9999734564984095,0.9997378679681955,0.9999638175224325,0.9999216704237341,0.9999551830963339,0.9999390342881088,0.9999569969316081,0.9999576418800223,0.999912820998041,0.999965948561996,0.9999323243832721,0.999948068703195,0.9999510971794386,0.9999552138516337,0.9999514728290785,0.9999387121018073
S042_006,0.9999557214758611,0.9999283956896432,0.9999085045272149,0.9999620328535009,0.9999530297078991,0.9999570612542298,0.9998485195410133,0.9999826530146563,1.0,0.9999790936435168,0.9999813409952096,0.9999162239224839,0.999934225524274,0.999907202937822,0.9999872298952351,0.9999782632298605,0.9996422993464391,0.9999643929415393,0.9999089597506154,0.9997933245988637,0.9999407930846224,0.9998289568678824,0.9998853553865086,0.9998230906912089,0.9999167654115955,0.9999310986229355,0.9999257787608364,0.9999360288401835,0.9998790057058053,0.9999608169419845,0.9999761860981847,0.9998783568187422,0.9999544349511224,0.9999360230228908,0.999879380757456,0.9998784099579132,0.9999741626972591,0.9998748421770437,0.9998226257525008,0.9999774455494013,0.9998646865615889,0.9999788388809007,0.9997873481391367,0.9999095556089845,0.9999675897059945,0.9997140766445518,0.9999587862695647,0.9999208597507346,0.999927710680015,0.9999668891990452,0.9999358170946192,0.9999220645883691,0.9999115329790713,0.9999606876336244,0.9999098862353862,0.9999278648211292,0.9999431112001446,0.9999345930340121,0.9999327822037142,0.9999563078951632
S044_006,0.9999370251064161,0.9999543633352396,0.9998601691330317,0.9999774958916862,0.999967537865437,0.9999766738887408,0.9998973012446135,0.9999586998950134,0.9999790936435168,1.0,0.9999587862583129,0.9999486979096057,0.9999574967773632,0.9999415747205429,0.9999944607634861,0.9999571587594543,0.9996336843862831,0.9999802640950367,0.9999384369326365,0.9997269749672573,0.9999809240171381,0.9997777598921271,0.9999218001204765,0.9998748995109101,0.9999136125029539,0.9999514668818544,0.9999492767509678,0.9999579267049294,0.999912345570464,0.999987855169489,0.9999665885586291,0.9999304682708912,0.9999660724031908,0.9999709019368352,0.9999039054492052,0.999944864578523,0.9999780230466118,0.9999138718139339,0.999844439136001,0.9999590218716472,0.9998446821487319,0.9999848375300152,0.9998511881771341,0.9999205410528242,0.9999731649052104,0.9997479150941255,0.9999389547520878,0.9999390138014518,0.9999444872443513,0.9999816216231756,0.9999673637242392,0.99992143422856,0.9999581662553109,0.9999784832993723,0.9999435659723634,0.9999546234307997,0.9999614437002539,0.999949325354949,0.9999273257741663,0.9999298053564231
S045_006,0.9999389682384539,0.9999453891850586,0.9999113738658562,0.9999729445084616,0.9999516697686975,0.9999661773432093,0.999879731247368,0.9999864968743737,0.9999813409952096,0.9999587862583129,1.0,0.9999298899174798,0.999934380435888,0.9999411526253599,0.9999788032174558,0.9999965800315084,0.999718850549078,0.9999577107912858,0.9999438459824452,0.9998174775634024,0.9999359438903438,0.9998458869176721,0.9999375051638041,0.999867442475896,0.9999493061217547,0.9999649550267,0.9999549477800319,0.9999623457260475,0.9999265699382135,0.9999493378353548,0.9999790643046829,0.9998992945443977,0.9999751684690199,0.9999537438338783,0.9999172931610706,0.9998511757454293,0.999965474491545,0.9998930876131544,0.9998689505444978,0.9999859844098774,0.9998201403179792,0.9999794317576601,0.9998065292644326,0.9999594561902097,0.9999733684040165,0.9998142404530568,0.9999531489383542,0.9999332555900516,0.9999377986858722,0.999943601013142,0.9999566885295652,0.9999641170308127,0.9999101182110754,0.999978431003454,0.9999437201331078,0.9999466721612629,0.99996205233716,0.9999684252813854,0.9999220955154196,0.9999347793472698
S046_006,0.9999403246696484,0.9999776127379845,0.9998005579472785,0.9999676780734043,0.9999755589980106,0.9999549700564584,0.9999717868673421,0.9999474198286904,0.9999162239224839,0.9999486979096057,0.9999298899174798,1.0,0.9999078948149932,0.9999805018496908,0.9999416247591545,0.9999242568588814,0.999505866903382,0.9999716922859266,0.9999604834698328,0.9997434259320636,0.9999652758746191,0.9997264363890869,0.9999491622900254,0.9998993218802488,0.999964414920127,0.9999261615756415,0.9999617688751021,0.999982762987414,0.9999512787686348,0.9999223079952421,0.9999296556093142,0.9998903418920363,0.999958125498735,0.9999741636404404,0.9999662009247982,0.9999060636520796,0.9999685700816637,0.9999279518694785,0.9999170482823142,0.9998902323125878,0.9997543553271587,0.999939756663522,0.999876114335274,0.9999689020181058,0.9999502357524941,0.9997948992380065,0.9999066138047008,0.9999138372511017,0.9999696148446265,0.9999132367698087,0.9999889236996171,0.9999547099401761,0.9999313041023752,0.9999733708815893,0.9999808995698112,0.9999768290262353,0.9999568398096882,0.9999746144762068,0.9999002533879078,0.9998637390761177
S050_006,0.9999163499093419,0.9999312183950274,0.9998685042373213,0.9999558599416541,0.9999479027010797,0.9999805269039392,0.9998443040877638,0.9999285774154382,0.999934225524274,0.9999574967773632,0.999934380435888,0.9999078948149932,1.0,0.9998991828775838,0.999969849478279,0.9999191035309793,0.999690774527931,0.9999562961200724,0.9999664263761191,0.9998022148714126,0.9999302348386678,0.9998082724251426,0.9999016830125772,0.9999134797029535,0.9999195578049824,0.9999252704268833,0.9999537989356041,0.9999283304401682,0.9999496924950892,0.9999762041085707,0.99996742692601,0.9999205532615982,0.9999659093435324,0.999972329353005,0.9999326228139882,0.999957778690299,0.9999035661870678,0.999899341906571,0.9999107953412614,0.9999251836674321,0.9997509718868275,0.9999324710266289,0.999730216340007,0.9998981338763406,0.9999810809707773,0.9997794819330301,0.9999517131213503,0.9999276091929442,0.9999047144344451,0.9999662225895666,0.9999476203949818,0.9999398095415797,0.9999448990218568,0.9999488464670364,0.9999013456319105,0.9999341140751906,0.9999528215719397,0.9999289178212553,0.9999070835930355,0.9999480661204547
S052_006,0.999884849314492,0.9999839775321341,0.9998205959912252,0.9999775598970002,0.9999594262364113,0.9999592692202837,0.9999810451972208,0.9999290338677173,0.999907202937822,0.9999415747205429,0.9999411526253599,0.9999805018496908,0.9998991828775838,1.0,0.9999393813043207,0.9999457811093362,0.9996000872446613,0.9999421957800663,0.9999572512537729,0.999716362028236,0.9999653745870177,0.9997582050478392,0.9999867626246132,0.9999076258704975,0.9999466229513897,0.9999677530731794,0.9999721787800789,0.9999942486072508,0.9999572572902382,0.9999280419580243,0.9999280662415352,0.999918318700274,0.9999705678296489,0.999975396519774,0.9999490574884549,0.999878471017536,0.9999571068666514,0.9999464286744902,0.9998985993875045,0.9999082407165344,0.999707479325047,0.9999557560755729,0.999922301003627,0.9999800433983105,0.9999352658971246,0.9998832301388124,0.999870737535571,0.9999023414952781,0.9999640224943794,0.999913713424965,0.9999878075917507,0.9999523355444854,0.9999133461363895,0.9999827641893613,0.9999997984492834,0.9999830988420809,0.9999737971882416,0.9999829347672352,0.9998522824362622,0.9998363315157596
S055_006,0.9999448189707195,0.9999527101123318,0.9998850240289101,0.9999802411079706,0.9999649483389367,0.9999823794840139,0.9998860921569396,0.9999721626220357,0.9999872298952351,0.9999944607634861,0.9999788032174558,0.9999416247591545,0.999969849478279,0.9999393813043207,1.0,0.9999735066485468,0.9996948494450217,0.9999805944145302,0.9999528089835729,0.9997666504328069,0.9999722619218829,0.9998121369001401,0.9999303755241307,0.9998813255964353,0.9999312840201064,0.9999610606974529,0.9999558198531593,0.9999607723187836,0.9999263020788852,0.9999898400138881,0.9999826127707133,0.9999369569608462,0.9999758480681191,0.9999740610736078,0.9999140225160474,0.9999327474741649,0.9999720900900759,0.9999047413777604,0.999860883966532,0.9999779628653667,0.999845382039069,0.9999889329494183,0.9998277929800184,0.9999340811559592,0.9999872187105933,0.9997757633549283,0.9999609390633136,0.9999539549067965,0.9999380014318883,0.999979290812883,0.9999678698165835,0.999944771026538,0.9999567941119383,0.9999840760424802,0.9999417088623601,0.9999520900315789,0.9999655869601035,0.9999606848307113,0.9999381162936868,0.999950029489714
S056_006,0.9999194906169896,0.9999468122767935,0.999915035745975,0.9999746227105026,0.9999494014914129,0.9999631497084482,0.9998831784784298,0.9999786138901741,0.9999782632298605,0.9999571587594543,0.9999965800315084,0.9999242568588814,0.9999191035309793,0.9999457811093362,0.9999735066485468,1.0,0.9997050585460275,0.9999459082753868,0.9999277280697912,0.99980085249548,0.9999330646212524,0.9998448152382365,0.9999389510474965,0.9998622400450403,0.9999327266217529,0.9999716384378845,0.9999546401368125,0.9999624229161238,0.999916076339917,0.9999439986402506,0.9999699435000816,0.9998902707263864,0.9999738489784691,0.9999471145121027,0.9999039941179949,0.9998352046240506,0.999967995604065,0.9999068710380153,0.9998525389619621,0.9999835962294272,0.9998071845271016,0.9999812400644366,0.999825351784193,0.9999547691213181,0.9999573752403736,0.999820274470551,0.9999277153043782,0.9999112537422962,0.9999443051837944,0.9999453176877833,0.9999523172806812,0.9999481353433562,0.9998947453242573,0.999975393247508,0.9999481630348332,0.9999505968678706,0.9999660231373749,0.9999609050902596,0.9998995642671312,0.999915568287002
S057_006,0.9994820115005543,0.9995519996152687,0.9995294086273221,0.9996277521493955,0.9995127489585842,0.9996524143151998,0.9994614103200358,0.9996103671829917,0.9996422993464391,0.9996336843862831,0.999718850549078,0.999505866903382,0.999690774527931,0.9996000872446613,0.9996948494450217,0.9997050585460275,1.0,0.9996008361805753,0.9996874120937714,0.999325936635556,0.9996266684970734,0.9995048782885889,0.9997152510430488,0.999614744293566,0.9995711757844032,0.9997615777516642,0.9996282945399461,0.9996171576811883,0.9996473042432068,0.9997057106491113,0.9996698694040561,0.9997956011445721,0.9996593562457242,0.9996546581257723,0.9995332934051556,0.9995472479436424,0.9995580117671002,0.9994770539243426,0.9994678195390349,0.9997842294821517,0.9995448058945259,0.9997050166675584,0.9994880414262254,0.9996603312753061,0.9996912454852263,0.9996816759535122,0.9996495646131747,0.9997631051885385,0.9994812753133624,0.9995972546686676,0.9996240652689407,0.9996709618122576,0.9996893836531158,0.9996904253396294,0.9996065376003135,0.9995500756136259,0.9996185201374627,0.9996785258864471,0.9996212496594591,0.9996029447541224
S058_006,0.9999703304129789,0.9999485914270262,0.9998247434918296,0.9999664860975559,0.9999732772816261,0.9999718185998646,0.9998984202364235,0.999977128072029,0.9999643929415393,0.9999802640950367,0.9999577107912858,0.9999716922859266,0.9999562961200724,0.9999421957800663,0.9999805944145302,0.9999459082753868,0.9996008361805753,1.0,0.9999629856099344,0.9997638354885713,0.9999617254342081,0.9997324618384902,0.9999202158951522,0.9999105624056454,0.9999470940871047,0.9999347414252958,0.9999600985694079,0.9999577140024292,0.999942240715941,0.999958231225903,0.9999564055490496,0.999905570002481,0.9999621747702553,0.9999758456247001,0.999948243072862,0.9999311486406433,0.9999772957413656,0.9999072760888125,0.9998956244992583,0.9999450488646627,0.999864198007523,0.9999581798559947,0.9998012293927613,0.9999495769951763,0.999983611969502,0.9997261607004936,0.9999585659708191,0.9999522692844752,0.9999569966280734,0.9999485685322352,0.9999795461939499,0.9999497629244645,0.9999716055078776,0.9999750399414059,0.9999456894165147,0.999956801833877,0.9999514451927412,0.9999589391065964,0.999970000696175,0.9999215650783113
S060_006,0.9999188983121234,0.9999595703727827,0.9998238242930952,0.9999640008728697,0.9999531096875294,0.9999734715838924,0.999922534042029,0.9999374009015707,0.9999089597506154,0.9999384369326365,0.9999438459824452,0.9999604834698328,0.9999664263761191,0.9999572512537729,0.9999528089835729,0.9999277280697912,0.9996874120937714,0.9999629856099344,1.0,0.999782117333647,0.9999477607886651,0.9997729248927217,0.9999638229331975,0.9999403583160394,0.9999693454296404,0.9999471065198026,0.9999739024601101,0.9999702094715455,0.9999895868064195,0.9999483623245334,0.9999538845402909,0.9999389689753282,0.9999739008036194,0.9999895682208196,0.9999779185108294,0.9999277688209868,0.9999204219735423,0.9999081314187492,0.9999487684349875,0.9999162887279285,0.9997282401716959,0.9999353339940952,0.9998064877882751,0.9999681788560622,0.9999798618169122,0.9998599642479292,0.9999400545463554,0.9999514345289708,0.9999281467669675,0.999918753276556,0.9999830762659272,0.9999849259469972,0.9999527062075045,0.9999749131071941,0.9999586076067732,0.9999588176837821,0.9999605828648657,0.9999796657103693,0.9999084913036071,0.9998999749077927
S062_006,0.9998452595299381,0.9998034362699244,0.9999149500497831,0.9998095058265708,0.9998417348551298,0.9998190655825854,0.99967707568104,0.9998400452521533,0.9997933245988637,0.9997269749672573,0.9998174775634024,0.9997434259320636,0.9998022148714126,0.999716362028236,0.9997666504328069,0.99980085249548,0.999325936635556,0.9997638354885713,0.999782117333647,1.0,0.9996665456941538,0.9998843793436917,0.9996782493311909,0.9996903621079718,0.9998590073600011,0.99969761811413,0.9998096416956592,0.9997761706016975,0.9997955077858943,0.9997261922980812,0.9998561683724813,0.9995651760907084,0.9998346789972087,0.9997728044277231,0.9998386020420018,0.9996620228437829,0.9997368232445824,0.999767460049771,0.9998777614904517,0.9997279572031199,0.9994450148245796,0.9997224985408976,0.9994197442300536,0.9997498984619951,0.999813129924256,0.9996350994150472,0.9998322594085782,0.9996430502714698,0.9997957931246615,0.9997959540230396,0.99975710208254,0.9998415543771431,0.9996149915234446,0.9997528997962898,0.9997155368881985,0.9998033189393798,0.9998220847267544,0.999763533819641,0.9996941716944459,0.9998679418948705
S064_006,0.9999095615835786,0.9999651912346893,0.9998135941384243,0.9999696647335342,0.9999512975272591,0.9999575497612901,0.9999481635055021,0.9999269092325352,0.9999407930846224,0.9999809240171381,0.9999359438903438,0.9999652758746191,0.9999302348386678,0.9999653745870177,0.9999722619218829,0.9999330646212524,0.9996266684970734,0.9999617254342081,0.9999477607886651,0.9996665456941538,1.0,0.9997558610888151,0.9999521028014197,0.9998557728376462,0.9999254563941868,0.9999468284172718,0.9999358576135156,0.9999730805390338,0.9999157718780738,0.9999763073631485,0.9999485085546854,0.999960676344378,0.9999544030581194,0.9999724900189499,0.9999046943972658,0.9999479428667051,0.9999627091300647,0.9998934824021806,0.9998394496143638,0.999927308876298,0.9997825196174962,0.9999794812577842,0.9999219597845844,0.9999334622508828,0.9999590633211668,0.9998060023092468,0.9999158341258224,0.9999500013052985,0.9999237216316389,0.9999467530435067,0.9999737294598461,0.9999302050858955,0.9999543592053636,0.9999834247202221,0.999964993907336,0.9999505168715718,0.9999501344073266,0.9999701340544256,0.9998889440231196,0.9998927825405352
S065_006,0.9997809850594707,0.9998395928121531,0.999975180270921,0.9998465745958569,0.9998235135515927,0.9998315422842331,0.999734645428358,0.9998086207038347,0.9998289568678824,0.9997777598921271,0.9998458869176721,0.9997264363890869,0.9998082724251426,0.9997582050478392,0.9998121369001401,0.9998448152382365,0.9995048782885889,0.9997324618384902,0.9997729248927217,0.9998843793436917,0.9997558610888151,1.0,0.9997458872548829,0.9996050231804953,0.9998350655984681,0.9997649056383445,0.9997888282588319,0.9998159957045484,0.9997567393264645,0.9998123546904877,0.999899948758011,0.9996996168098647,0.9998559073122855,0.9997865206062408,0.9997589856898421,0.999709302566286,0.9997495285450276,0.99974957991001,0.9997706078732397,0.99978455764006,0.9994065464011168,0.9998160371365742,0.9996183756703412,0.9997375309963703,0.9998185273348321,0.9997766877958064,0.9998223670973788,0.9996897398353747,0.9997511902185371,0.9998491117716204,0.9997597037604519,0.9998329692106442,0.9996205187284242,0.9998004891752253,0.9997524187568834,0.9998021129227188,0.9998475225454282,0.9998036599343377,0.999615908836656,0.9998951441909653
S066_006,0.9998438601857383,0.9999589156486444,0.9997958474841694,0.9999600235725773,0.9999223952396045,0.9999480091644435,0.9999535279450024,0.9999050016324346,0.9998853553865086,0.9999218001204765,0.9999375051638041,0.9999491622900254,0.9999016830125772,0.9999867626246132,0.9999303755241307,0.9999389510474965,0.9997152510430488,0.9999202158951522,0.9999638229331975,0.9996782493311909,0.9999521028014197,0.9997458872548829,1.0,0.9999136955315283,0.9999302795380046,0.9999797873047762,0.9999615155394501,0.9999798679548515,0.9999609385673269,0.9999266079601139,0.9999180391184025,0.999949866806074,0.999961021994482,0.9999690061927529,0.9999316133382609,0.9998646685894358,0.9999227630273315,0.999914612080574,0.9998806828116085,0.9999169521126495,0.9996913188129863,0.9999491897674845,0.9999084651098981,0.9999787615609229,0.9999313314719674,0.9999237377672587,0.9998622857559784,0.999921117444582,0.9999236318123914,0.9998896336773677,0.9999749454995082,0.9999535984750432,0.9999182799135096,0.9999776759045478,0.9999871922031045,0.9999568057254091,0.9999578353194739,0.9999815585842761,0.9998408418074313,0.999819357876973
S067_006,0.9998159336993087,0.9998893503917335,0.9997131888294667,0.9999058874443562,0.9999001523127109,0.9999327045402148,0.999838654379567,0.9998673298608025,0.9998230906912089,0.9998748995109101,0.999867442475896,0.9998993218802488,0.9999134797029535,0.9999076258704975,0.9998813255964353,0.9998622400450403,0.999614744293566,0.9999105624056454,0.9999403583160394,0.9996903621079718,0.9998557728376462,0.9996050231804953,0.9999136955315283,1.0,0.9998616002681795,0.9999219555359284,0.999962230770248,0.9998998974034561,0.999968523688335,0.9998694128867219,0.9998491806455245,0.9998504095763696,0.9999224939973897,0.9999427363524641,0.9999443757230296,0.999850582056481,0.9998615744660746,0.999934045741389,0.9999196122017078,0.9998508695591835,0.9996894382511672,0.9998480992551609,0.9997042611582985,0.9999218769665924,0.9998961286850325,0.9997803273810879,0.9998146229757348,0.9998464130521135,0.9999217418243205,0.9998609099501019,0.9999385393371776,0.9998926682048634,0.9999145227151424,0.9999045790533888,0.9999132705792267,0.9999289943918992,0.9999219543595317,0.9998896686216301,0.9998592226628761,0.9997630889177035
S068_006,0.9999557508063109,0.9999643221419213,0.9998707801524159,0.999956379259129,0.9999604405628126,0.9999478471272091,0.9999334705767795,0.9999572363249181,0.9999167654115955,0.9999136125029539,0.9999493061217547,0.999964414920127,0.9999195578049824,0.9999466229513897,0.9999312840201064,0.9999327266217529,0.9995711757844032,0.9999470940871047,0.9999693454296404,0.9998590073600011,0.9999254563941868,0.9998350655984681,0.9999302795380046,0.9998616002681795,1.0,0.9999028086471574,0.9999475465185699,0.999969629720642,0.9999544265822232,0.9999081529244549,0.9999606594826198,0.9998688551339129,0.9999614229521803,0.9999577732861631,0.9999719995635958,0.9998719214435142,0.9999284786323971,0.9998806314576408,0.9999476374184256,0.9998941891553819,0.9996955596422769,0.9999235903688847,0.9997939773663821,0.9999623537117849,0.9999652061618347,0.9998339165520164,0.9999513786899276,0.9999143222389053,0.9999293102300625,0.9998980641568446,0.9999625811582029,0.9999925005741372,0.9998857551995656,0.9999593551014108,0.9999458832753879,0.9999510713369713,0.9999473020661059,0.999977935471295,0.9998859700484883,0.9999196558863279
S069_006,0.9998549131764554,0.9999462108012448,0.9998389288749915,0.9999702957453811,0.9999299750523196,0.9999659654317913,0.9999038671986217,0.9999311790706138,0.9999310986229355,0.9999514668818544,0.9999649550267,0.9999261615756415,0.9999252704268833,0.9999677530731794,0.9999610606974529,0.9999716384378845,0.9997615777516642,0.9999347414252958,0.9999471065198026,0.99969761811413,0.9999468284172718,0.9997649056383445,0.9999797873047762,0.9999219555359284,0.9999028086471574,1.0,0.9999692325410579,0.9999665185546016,0.9999452976944571,0.9999512503336366,0.9999360956222928,0.9999429537747081,0.9999715044125838,0.9999663039417964,0.9999088892497376,0.9998634391340172,0.9999437624977753,0.99993018824026,0.9998533476926882,0.9999643571862408,0.9997690237940159,0.9999716851647201,0.9998713282984203,0.9999631753326123,0.9999424413486235,0.9998759927927964,0.9998771929530204,0.9999196130175304,0.9999368033051667,0.9999306108985047,0.9999673264548582,0.999934490950984,0.9999290565202718,0.9999797349727245,0.9999704985855496,0.9999566220181244,0.9999689187879212,0.9999627800656783,0.9998735648759712,0.9998505287939494
S071_006,0.9999086713429571,0.9999756642146517,0.9998667775975619,0.9999849427299059,0.9999777540429137,0.9999895592806162,0.9999256954204186,0.9999508288131238,0.9999257787608364,0.9999492767509678,0.9999549477800319,0.9999617688751021,0.9999537989356041,0.9999721787800789,0.9999558198531593,0.9999546401368125,0.9996282945399461,0.9999600985694079,0.9999739024601101,0.9998096416956592,0.9999358576135156,0.9997888282588319,0.9999615155394501,0.999962230770248,0.9999475465185699,0.9999692325410579,1.0,0.9999779796721249,0.9999859860896322,0.9999416170506409,0.9999499158971271,0.9998954975853639,0.9999909611654276,0.9999876745216963,0.9999770799334176,0.9998968345426176,0.9999468984269791,0.9999756157072994,0.9999496850782109,0.9999246969792605,0.9997273748490039,0.9999426301055494,0.9998146636608872,0.9999691790283423,0.9999598871691694,0.9998529168189435,0.9999020139954735,0.9998943890896486,0.9999795910031912,0.9999474355149328,0.9999865113492883,0.9999609857560467,0.9999245884396321,0.9999741440158942,0.9999742736710782,0.9999914376086763,0.9999913835865479,0.9999637792770436,0.9998875260175623,0.9998807226850185
S072_006,0.9999197497667017,0.9999939471119234,0.9998690052685811,0.9999908043508181,0.9999766170952658,0.9999759878161721,0.9999743788150116,0.9999527145432656,0.9999360288401835,0.9999579267049294,0.9999623457260475,0.999982762987414,0.9999283304401682,0.9999942486072508,0.9999607723187836,0.9999624229161238,0.9996171576811883,0.9999577140024292,0.9999702094715455,0.9997761706016975,0.9999730805390338,0.9998159957045484,0.9999798679548515,0.9998998974034561,0.999969629720642,0.9999665185546016,0.9999779796721249,1.0,0.9999633290417881,0.9999498264572432,0.9999613732404691,0.9999236955245815,0.9999861329039353,0.9999849283265095,0.9999598929868366,0.9999006391638615,0.999965379335632,0.9999437437654506,0.999916988465984,0.9999273144776417,0.9997225713069162,0.9999698739582433,0.9999009101204501,0.9999786993511482,0.9999616929096548,0.9998801880319272,0.9999132402347303,0.9999194759217548,0.9999661802088883,0.9999400623429221,0.9999913720482793,0.9999726611418597,0.9999191489977849,0.9999916545747612,0.9999936764446191,0.9999878363421997,0.9999849889440952,0.9999920018940577,0.9998733806887965,0.999889917160476
S073_006,0.9998886785814071,0.9999567874167075,0.9998177309498454,0.9999582040337546,0.999950377336932,0.999969772385388,0.9999179263471406,0.9999205528658861,0.9998790057058053,0.999912345570464,0.9999265699382135,0.9999512787686348,0.9999496924950892,0.9999572572902382,0.9999263020788852,0.999916076339917,0.9996473042432068,0.999942240715941,0.9999895868064195,0.9997955077858943,0.9999157718780738,0.9997567393264645,0.9999609385673269,0.999968523688335,0.9999544265822232,0.9999452976944571,0.9999859860896322,0.9999633290417881,1.0,0.9999182730783465,0.9999292764247786,0.99990094744226,0.9999723941674125,0.999982077266979,0.9999881660331088,0.9998948298681997,0.9999027937122754,0.9999398965073756,0.9999702790554074,0.9998895064584609,0.9996747119785766,0.9999069596941716,0.9997819754022806,0.9999672620742462,0.9999536819257072,0.9998733889758687,0.9998973509838895,0.999902896920412,0.9999428593693159,0.9999040546471811,0.9999771402919969,0.999971722862639,0.9999230367883984,0.9999576172718039,0.99995901389993,0.9999679869752643,0.9999660469220522,0.9999618739811009,0.9998743572752896,0.9998591454019491
S075_006,0.9999077371443154,0.9999475060635916,0.9998695466423877,0.9999711599592982,0.999948255686502,0.9999768664799392,0.9998832433702046,0.9999317560341663,0.9999608169419845,0.999987855169489,0.9999493378353548,0.9999223079952421,0.9999762041085707,0.9999280419580243,0.9999898400138881,0.9999439986402506,0.9997057106491113,0.999958231225903,0.9999483623245334,0.9997261922980812,0.9999763073631485,0.9998123546904877,0.9999266079601139,0.9998694128867219,0.9999081529244549,0.9999512503336366,0.9999416170506409,0.9999498264572432,0.9999182730783465,1.0,0.9999732537842865,0.9999589811222995,0.999966331887428,0.999972057512111,0.9998952191410501,0.9999612581842676,0.9999405583104015,0.9998951302958596,0.9998463805489904,0.9999524530000379,0.9997880432214384,0.9999785610722138,0.9998393746265113,0.9999043101737559,0.9999757761857676,0.9997949900683197,0.9999405212800778,0.9999459499017993,0.9999081379974316,0.9999809214338544,0.9999556389990232,0.999926068605573,0.9999529666752048,0.9999728733664158,0.9999289099311414,0.9999391804589721,0.9999578745248955,0.9999473253859295,0.9998970248812993,0.9999407436274891
S076_006,0.999952098063479,0.9999616680296469,0.9999417105649843,0.9999792420925637,0.9999674597388589,0.9999784462319594,0.9998880439301095,0.9999696964898053,0.9999761860981847,0.9999665885586291,0.9999790643046829,0.9999296556093142,0.99996742692601,0.9999280662415352,0.9999826127707133,0.9999699435000816,0.9996698694040561,0.9999564055490496,0.9999538845402909,0.9998561683724813,0.9999485085546854,0.999899948758011,0.9999180391184025,0.9998491806455245,0.9999606594826198,0.9999360956222928,0.9999499158971271,0.9999613732404691,0.9999292764247786,0.9999732537842865,1.0,0.9999069408223215,0.9999811447282161,0.999964506602621,0.9999266119336861,0.9999135099923881,0.9999454200002061,0.9998937004688194,0.9998959218182071,0.9999548706912152,0.9997573973182129,0.9999713163974651,0.999794815704881,0.9999261167458366,0.9999862385760404,0.9998148311564872,0.9999739515576677,0.999927798333819,0.9999242052441881,0.9999724902649505,0.9999532194085892,0.9999667884017327,0.999906281769952,0.9999717746105778,0.9999280612654312,0.9999493470968925,0.9999684443497281,0.9999624450075919,0.9998978858664442,0.9999789975780441
S077_006,0.999815204321755,0.9998996864081898,0.9997384300963615,0.9999170061363144,0.9998668631942628,0.9999188714489813,0.9998779552368006,0.9998570283535553,0.9998783568187422,0.9999304682708912,0.9998992945443977,0.9998903418920363,0.9999205532615982,0.999918318700274,0.9999369569608462,0.9998902707263864,0.9997956011445721,0.999905570002481,0.9999389689753282,0.9995651760907084,0.999960676344378,0.9996996168098647,0.999949866806074,0.9998504095763696,0.9998688551339129,0.9999429537747081,0.9998954975853639,0.9999236955245815,0.99990094744226,0.9999589811222995,0.9999069408223215,1.0,0.9999145718986548,0.9999435178222803,0.9998523883689634,0.9999207827169271,0.9998795865909336,0.999819636102582,0.9997862006945158,0.9999148907154478,0.9997346205455503,0.99994449074192,0.9998764889738416,0.9999017996539381,0.9999316160735611,0.9998436694423841,0.9998780414159926,0.9999627454966932,0.9998309851531862,0.9998892791184089,0.9999310594436428,0.9999041388955027,0.9999512594315113,0.9999515543164224,0.9999190532476039,0.9998833786266054,0.9999000508821686,0.9999414952264363,0.9998492457978787,0.9998414174447781
S078_006,0.9999269232457815,0.9999857090844195,0.999914584892481,0.9999965613595084,0.9999835397211538,0.9999960539942253,0.999929189034351,0.9999638690935325,0.9999544349511224,0.9999660724031908,0.9999751684690199,0.999958125498735,0.9999659093435324,0.9999705678296489,0.9999758480681191,0.9999738489784691,0.9996593562457242,0.9999621747702553,0.9999739008036194,0.9998346789972087,0.9999544030581194,0.9998559073122855,0.999961021994482,0.9999224939973897,0.9999614229521803,0.9999715044125838,0.9999909611654276,0.9999861329039353,0.9999723941674125,0.999966331887428,0.9999811447282161,0.9999145718986548,1.0,0.9999889255822252,0.9999634706054517,0.999911423133555,0.9999556487144864,0.9999580400453605,0.9999347893608967,0.9999463668127248,0.9997327243873823,0.9999683304776498,0.9998336389431058,0.9999623703527785,0.9999766769118063,0.9998663113181423,0.999933225399559,0.9999126460785174,0.9999677132250584,0.9999699502119941,0.999983471496855,0.9999724785200851,0.99992041855093,0.999985510263764,0.9999712444478399,0.9999880527231056,0.9999969972373076,0.9999758388233855,0.9998868868010627,0.9999266606341795
S080_006,0.9999243252843639,0.9999811419605908,0.9998504063557662,0.9999875333461948,0.9999775480960147,0.9999918964857935,0.9999416151532932,0.9999484338734875,0.9999360230228908,0.9999709019368352,0.9999537438338783,0.9999741636404404,0.999972329353005,0.999975396519774,0.9999740610736078,0.9999471145121027,0.9996546581257723,0.9999758456247001,0.9999895682208196,0.9997728044277231,0.9999724900189499,0.9997865206062408,0.9999690061927529,0.9999427363524641,0.9999577732861631,0.9999663039417964,0.9999876745216963,0.9999849283265095,0.999982077266979,0.999972057512111,0.999964506602621,0.9999435178222803,0.9999889255822252,1.0,0.9999710418658101,0.9999474772877798,0.9999524646477101,0.9999476861057213,0.9999347272618242,0.9999313952324959,0.9997516315236599,0.9999615435676591,0.9998504881240308,0.9999649814393887,0.9999806709635564,0.9998502499921903,0.9999314783690508,0.9999402745808889,0.9999596003486131,0.9999575678753011,0.9999948705217687,0.999969623579621,0.9999592549192489,0.9999883126366271,0.9999764818557006,0.9999832840089979,0.999984232501317,0.9999797500972175,0.9999065211325944,0.9999069287222798
S081_006,0.9999237298308082,0.9999605380075253,0.9998236998836475,0.9999528059103933,0.9999656697031506,0.9999598540750784,0.9999249655187397,0.9999328238348525,0.999879380757456,0.9999039054492052,0.9999172931610706,0.9999662009247982,0.9999326228139882,0.9999490574884549,0.9999140225160474,0.9999039941179949,0.9995332934051556,0.999948243072862,0.9999779185108294,0.9998386020420018,0.9999046943972658,0.9997589856898421,0.9999316133382609,0.9999443757230296,0.9999719995635958,0.9999088892497376,0.9999770799334176,0.9999598929868366,0.9999881660331088,0.9998952191410501,0.9999266119336861,0.9998523883689634,0.9999634706054517,0.9999710418658101,1.0,0.9998853584420544,0.9999114416279657,0.9999360899519439,0.999986958839583,0.9998629911337125,0.9996699625094391,0.9998895176376442,0.9997584883686388,0.9999604418979018,0.9999488822909343,0.9998241882991952,0.9999061701111847,0.9998806552523322,0.9999558992310617,0.9998964986626261,0.9999725016263805,0.9999716747153335,0.999901229281644,0.9999451471291023,0.9999502045057705,0.9999699854925282,0.9999580077778637,0.9999543023044642,0.9998792735735393,0.9998684287492697
