,S010_007,S011_007,S014_007,S022_007,S026_007,S032_007,S034_007,S035_007,S037_007,S042_007,S044_007,S045_007,S050_007,S051_007,S052_007,S053_007,S055_007,S056_007,S057_007,S058_007,S059_007,S060_007,S061_007,S062_007,S063_007,S064_007,S065_007,S066_007,S067_007,S068_007,S069_007,S070_007,S071_007,S073_007,S074_007,S075_007,S076_007,S077_007,S078_007,S079_007,S080_007,S081_007,S082_007,S084_007,S085_007,S086_007,S087_007,S088_007,S089_007,S090_007,S092_007,S094_007,S095_007,S097_007,S099_007,S100_007,S101_007,S102_007,S103_007,S105_007,S106_007,S107_007,S110_007,S111_007,S113_007,S114_007,S116_007,S117_007,S119_007,S121_007,S122_007,S124_007
S010_007,1.0,0.9999210243199631,0.9994020152613906,0.9998927992269361,0.9999379999009461,0.9999002849610873,0.999862134194033,0.9998783690147645,0.9998139685550699,0.9998234880142259,0.9999436414566579,0.9998980569192045,0.9998029009649652,0.9997391189290857,0.9997432079344579,0.9998542184997591,0.9996149452813157,0.9996177949408901,0.9995769366120694,0.9998807382425948,0.9998887638520582,0.9998307626903075,0.9998880318975685,0.9999802976203903,0.9997801509737256,0.9997444497692352,0.9999242508039163,0.9999515403527918,0.9997677089082277,0.9998636921959085,0.9998330377462274,0.9998111263529695,0.9998629160476292,0.9997575512120281,0.9998937189901341,0.9998283152138256,0.9998217056746582,0.9999358037735219,0.999886249707612,0.9998339701488422,0.999884382870798,0.9997326486629696,0.9997765128966638,0.9998904722302941,0.9995472389644428,0.9999176296882037,0.9994635732441723,0.9997772333126431,0.9997932615660655,0.999926168334567,0.9997277790412168,0.9999046002331534,0.9998839163809925,0.9997583167543251,0.9998514975018337,0.9997126982791544,0.9993990447566165,0.9998607248296861,0.9999403857808371,0.9999351422340793,0.9998133170842384,0.9987123138731355,0.9995530693484141,0.999874696284864,0.9998768056018682,0.9998462880959273,0.9997641626031163,0.9985405348981887,0.9998141282549415,0.999852664007659,0.9999411445354608,0.9998387008551751
S011_007,0.9999210243199631,1.0,0.9992235513070111,0.9998464772127582,0.9998883596958963,0.9998479574816316,0.9998678192896707,0.9998997439272465,0.9998221384108557,0.9997991276486393,0.9999183781193066,0.9998998755916763,0.9997849926683535,0.9996566366134996,0.9997763031418047,0.9998303357226525,0.9996501111248669,0.9994983895606964,0.9993901965711698,0.9998462104365914,0.9999579821716018,0.9999021556761424,0.9999098442043511,0.9999037571400627,0.9998182107087217,0.9996394361717302,0.9998465761509256,0.9999442359553771,0.9997423537468999,0.9998283909498774,0.9998633382799847,0.9998632142449118,0.9997690111002452,0.9998618031335351,0.9998893372761033,0.9997935956133844,0.9997176351852604,0.9999173385502417,0.9999047555900465,0.9998642545558379,0.999709683508186,0.99964669608998,0.9998111575566435,0.9998834031361314,0.9994837316467474,0.9999059348005532,0.9994151657498609,0.9998597627299467,0.9999255750476852,0.9999250064532759,0.9997073260044643,0.9999224769651416,0.9998357955994248,0.9995718320592719,0.9997654464631045,0.9998279507424008,0.9992907393013997,0.999836335007944,0.9999377959415795,0.9999237805865696,0.9996929501340523,0.9988048869946263,0.9993753683106619,0.9998390611835946,0.9998756588755688,0.9998367977142246,0.9998223270031664,0.9986652297162697,0.9998217426651794,0.9998029592810127,0.9998595418039058,0.9997886781889213
S014_007,0.9994020152613906,0.9992235513070111,1.0,0.9995831226432395,0.9996225277497752,0.9996536970571782,0.9995179460461486,0.9996356917015792,0.9990259984594492,0.9993664638290523,0.9995501260023197,0.9995174487155934,0.9995096256768081,0.9991269434822064,0.9993999925602871,0.9997269631190085,0.9990804202386369,0.99930623861376,0.999872512225712,0.998899287765295,0.9992359108369386,0.9993317196532396,0.999355521293179,0.9993192671863543,0.9994923199141184,0.9995438584895598,0.9996105025682712,0.9994475849814347,0.9994646311798087,0.9994653250299737,0.9994502069642127,0.9993859515949489,0.9995575868924079,0.9992616266506205,0.9993024083941887,0.9993078798733257,0.9992853709054537,0.9994671294594297,0.9994762684902977,0.9994306636377102,0.9996160807361889,0.9994351154184251,0.9994421815065885,0.9996500051498658,0.9994104314632994,0.999284808194219,0.9995073579277267,0.9994295417140804,0.9991033148445045,0.9993237296671852,0.9995393446057288,0.9994767142277127,0.9994533911953698,0.9996716548394353,0.9996586712006501,0.9992967909130676,0.9992228981960194,0.9991346812039568,0.9994944671340047,0.999478307458741,0.999627031490114,0.9984703349242405,0.999018041296728,0.9995888798928417,0.999519492419454,0.9995962648696682,0.9994153022543883,0.9983512291358909,0.9991962579042928,0.9996024086619179,0.999546527751892,0.9995295944175339
S022_007,0.9998927992269361,0.9998464772127582,0.9995831226432395,1.0,0.9999310512429377,0.9999715853065863,0.9999568979423876,0.9999435273312801,0.9996473571868352,0.9999563850598326,0.9999630132305947,0.9999583969823328,0.9996771338790865,0.9995337293035575,0.9999179253851226,0.9999551402774939,0.9997842424615834,0.9996115638769881,0.9996401784866721,0.9996987409635378,0.9998524624461079,0.9999342782943438,0.999898098084506,0.9999151545694861,0.9999526223648864,0.9998038088300508,0.9999489109094214,0.9999704285261404,0.9998465403003276,0.9999335423401965,0.9997531145898796,0.9999417964493991,0.999966462670933,0.9998768132662809,0.999897844951893,0.9998279209511004,0.9999227411691461,0.9999747251078505,0.9999671814637028,0.9999314570851586,0.9998615635842346,0.9998951019129936,0.9997620328207238,0.9999231244626706,0.999798576156762,0.9998942194510886,0.9994999353672722,0.9998189244206573,0.9998398994909299,0.9999380554002976,0.9996127506945421,0.9999653686449473,0.9999882054573795,0.9998216839242677,0.999750242881267,0.9998066108896827,0.9992435855269852,0.9998152838897385,0.999956788558814,0.999974811111152,0.9999504295199135,0.998607605225854,0.999225470132242,0.9999664178433667,0.9999584767614081,0.9999382595353595,0.9997783397236915,0.9982350468373236,0.9996319614405614,0.999990147307929,0.9998983084779036,0.9999141591071558
S026_007,0.9999379999009461,0.9998883596958963,0.9996225277497752,0.9999310512429377,1.0,0.9999423252595532,0.9999156426697722,0.9999610724630775,0.9997971093024768,0.999813541294282,0.9999800964215659,0.9999543470270562,0.9998264519795441,0.9997600346153644,0.9998604671785537,0.9999480082395993,0.9995755294731377,0.9997495075396243,0.999777747644246,0.9997409762497038,0.9998814363710873,0.9998277399342922,0.9998261795121157,0.999900053092529,0.9998298990689067,0.9998156201763367,0.9999735909218057,0.9999363247839679,0.9998771614787583,0.999901007025739,0.9998744304287732,0.9998211389693409,0.9998813106311143,0.9998577058566648,0.9999140148156852,0.999722032449812,0.9997705072261979,0.9999434745263411,0.9999013827202778,0.9998647244385943,0.9999159532592586,0.9997345039350828,0.9998634934484113,0.9999678161731889,0.9996230436215793,0.9999141733476323,0.9995941114198871,0.9998882575531057,0.9997635799712512,0.9998624119195214,0.9998440980254802,0.9999069252768638,0.9998884109636543,0.9997677689656612,0.9999259144910323,0.9998430440667713,0.9994787400095765,0.9998261795041818,0.9999517699457308,0.9999403571373229,0.9998274827391465,0.9990027707437323,0.9995570718026726,0.9999229964937049,0.9999224365156204,0.9998998668472125,0.9999122703573032,0.9988302208088139,0.9998558475428495,0.9998990168429839,0.9999874439350993,0.999862935650802
S032_007,0.9999002849610873,0.9998479574816316,0.9996536970571782,0.9999715853065863,0.9999423252595532,1.0,0.9999139345773704,0.9999497197054814,0.9995827420843741,0.9998774033434212,0.999951711001186,0.9999409051244748,0.9997961744031637,0.9994842852539079,0.999839851803832,0.9999596010161874,0.9996521200705687,0.9995999862248574,0.9996953333244221,0.9996435566425567,0.9998171649241471,0.9999086546168273,0.9998684164651436,0.9998907516768284,0.9998972833149757,0.9998801920019027,0.9999356377152562,0.9999580282791735,0.9998982724259973,0.9998595874624467,0.9998650973034443,0.999892858650193,0.9999497969152419,0.99981340269479,0.9998285738765574,0.9997950391305076,0.9998319316522997,0.9999362374646105,0.9999257787598365,0.9999495978820919,0.9999057643172661,0.9998901179323633,0.9998660902066507,0.9999521292191521,0.9997030105160087,0.9998521526131389,0.9996515176720119,0.9997665412287114,0.9998350660827432,0.9999207750683624,0.9996420996358296,0.9999685352661961,0.9999457618687269,0.9998687332424774,0.9998339393065936,0.9997877347199647,0.9991934928996782,0.9997087085835903,0.9999275559387826,0.9999738618326545,0.9998972564914669,0.998818606647312,0.999322475473544,0.9999095651951522,0.9999815443299439,0.9999847399029572,0.9998004228402535,0.9983755140503029,0.9996451476278074,0.9999479850915506,0.999910647501417,0.9999307217142213
S034_007,0.999862134194033,0.9998678192896707,0.9995179460461486,0.9999568979423876,0.9999156426697722,0.9999139345773704,1.0,0.9999645644834159,0.9996782414470055,0.9999442439104488,0.9999725727425193,0.9999863900023431,0.9997223561349182,0.9995858239333084,0.99994220993926,0.9999634004399905,0.9998453873000748,0.9994777116437192,0.9996415773401784,0.9996463712119976,0.999934264417959,0.9999187442839554,0.9998782324194295,0.9998598808068179,0.9999221038074138,0.9997801040701723,0.9999590652038178,0.9999418942614298,0.9997898742753274,0.9999804790787657,0.9997343340439709,0.9999550044056793,0.9999395288495521,0.9998968204918037,0.9998763607949821,0.99984940359214,0.9998475240605972,0.9999804936296528,0.9999826278320221,0.9998459757815312,0.9998096864343939,0.9998498108730229,0.9997050741433096,0.9999463015854707,0.9998616289313289,0.999942910009119,0.9995638338290008,0.9998673501517275,0.999842994458203,0.9998922769867965,0.9996528651372504,0.9999370461632296,0.9999447570346689,0.9997885565067914,0.9997576577303643,0.999771939873826,0.9992252180670256,0.9998134118566308,0.9999760947915496,0.9999539609887961,0.9998771574301935,0.9985690881982514,0.9991080375880519,0.9999798149797292,0.9999209327094053,0.9998957059898912,0.999800444098445,0.9984210183377706,0.9997091389747839,0.9999697165542852,0.9998789136596054,0.999772410155081
S035_007,0.9998783690147645,0.9998997439272465,0.9996356917015792,0.9999435273312801,0.9999610724630775,0.9999497197054814,0.9999645644834159,1.0,0.9996954812294485,0.9998621396410389,0.9999768278889033,0.9999762899384848,0.9998326533021024,0.9996126660858865,0.9998936854191459,0.9999873353748496,0.9996987471823147,0.9995674206501388,0.9997229215672138,0.9996379250584323,0.9999129026857283,0.9999054763021553,0.9998746835258174,0.9998456796270178,0.9999060796816465,0.9998044713162509,0.9999519524253412,0.9999444252547817,0.9998448685368151,0.9999173672495186,0.9998646503097053,0.9999126656799282,0.9998957120654449,0.9998870678986601,0.9998650830062615,0.999793296545013,0.999754394869986,0.9999536275109236,0.9999559866658563,0.9998894936574703,0.9998337701668839,0.999787758782207,0.9998400770462516,0.9999891859165234,0.9997267485459915,0.9998978567033883,0.9996515257199626,0.999904586060267,0.9998444030657291,0.9998815724195889,0.9997788316904616,0.9999490481784199,0.999900486584586,0.9997765071227458,0.999865007767198,0.9998420349971728,0.9993403041394939,0.999764652064879,0.999968295161249,0.9999544782711447,0.999839624827946,0.9988574535910755,0.9992923324626906,0.9999488666672478,0.9999444693978484,0.9999380212799241,0.9998808527978146,0.9987032544378911,0.9997693722048212,0.999934829159119,0.9999141119782681,0.9998358013509917
S037_007,0.9998139685550699,0.9998221384108557,0.9990259984594492,0.9996473571868352,0.9997971093024768,0.9995827420843741,0.9996782414470055,0.9996954812294485,1.0,0.9995773410642872,0.9997740636640651,0.9997160576773656,0.9995054722951145,0.9999360878298065,0.9996511780030044,0.9996135442173213,0.9993896378529515,0.9996735257994694,0.9993400822657412,0.9998879250787159,0.9998145139970266,0.9995801302557878,0.9996743631801667,0.9997927924687768,0.9995698467422875,0.9993084796909946,0.999735037878492,0.9997378045475298,0.9995016180008314,0.9997393045397899,0.9995814527414331,0.9995652263505344,0.9995147616250437,0.999742834930399,0.9999009723145977,0.9994992317186494,0.9995724891471205,0.9997620319820711,0.9996859226343409,0.9995553641720237,0.9995689533595065,0.9992485353596805,0.9995400713301944,0.9996716280403145,0.999216520658809,0.9998075400724346,0.9989615001833018,0.9998523677188926,0.9995660767901487,0.9996712783093179,0.9997977949926823,0.9996312123553701,0.9996189088439735,0.999243331528356,0.9996639711021174,0.9997230454037199,0.9996572751161531,0.9999248621859246,0.9997902230415613,0.9996835299689709,0.9995138006001817,0.9987102641644633,0.9995969839116917,0.9997151698798977,0.9995811959690931,0.9994879766459104,0.99975154596913,0.9989287402354694,0.9998947714033264,0.9995897477389973,0.9998071864074022,0.9995726368442135
S042_007,0.9998234880142259,0.9997991276486393,0.9993664638290523,0.9999563850598326,0.999813541294282,0.9998774033434212,0.9999442439104488,0.9998621396410389,0.9995773410642872,1.0,0.9999001957673047,0.9999106828921287,0.9995201949506991,0.9994177062508629,0.9998981531115841,0.999874333048395,0.999925960998621,0.9993916268818177,0.9994281079979672,0.9996756471636992,0.9998469336886573,0.9999364675043061,0.999902046797347,0.9998813957435427,0.9999468375809057,0.999678675035841,0.9998783593955121,0.9999310477700543,0.9996962229235354,0.9999370019844848,0.9995768510389562,0.9999686389293024,0.9999398923898265,0.99983898810484,0.9998517163914574,0.9998828207125378,0.9999587476594914,0.9999536066277309,0.9999646523880544,0.9998514105850369,0.9997287737578481,0.9998951891428707,0.9995647626044458,0.9998227291385842,0.9998691079551087,0.9998781074231027,0.9993265824662948,0.9997430104145354,0.999840393066775,0.9999281900462242,0.9994200550406389,0.9999245174108442,0.9999770173211466,0.9997510475931702,0.9995592312143617,0.9996875189966745,0.999062800811057,0.9998152323647655,0.9999247045817757,0.9999278017648676,0.9999322547416938,0.9981758953401318,0.9989228715292084,0.9999462330709471,0.9998803718177836,0.9998450965036341,0.9996187479887896,0.9978464722099434,0.9994982046247003,0.9999699290152201,0.999775357479196,0.9998002123340157
S044_007,0.9999436414566579,0.9999183781193066,0.9995501260023197,0.9999630132305947,0.9999800964215659,0.999951711001186,0.9999725727425193,0.9999768278889033,0.9997740636640651,0.9999001957673047,1.0,0.9999907446533657,0.9998093304395225,0.9997026839747657,0.999908231139519,0.9999648886473484,0.9997267832475175,0.999633491883307,0.9997034862863619,0.9997508237773237,0.9999392115424705,0.9999001530017496,0.9998837647901803,0.9999240975391103,0.999886460725565,0.999826372537948,0.9999868009451844,0.9999710233169635,0.999859855776337,0.9999560434851938,0.999842080457379,0.999907515567608,0.9999336700298772,0.9998921341100329,0.9999216211164003,0.9998198686162094,0.9998386666261893,0.9999873008185697,0.9999620882046153,0.9998842255675694,0.9998942147692905,0.9998182663489192,0.999817229115221,0.9999752914863023,0.9997413388489671,0.9999616245542564,0.9995980435626288,0.9998845385527867,0.9998419159168405,0.9999162649603079,0.9997599809811323,0.9999505989038991,0.9999421177501284,0.999802035575104,0.9998670244406935,0.9998227826987328,0.9993562417416239,0.999850774704862,0.9999879405449262,0.9999775541972429,0.9998655157336057,0.9988163332414293,0.9993846779591775,0.999962960291189,0.9999485029663515,0.9999220844099094,0.9998736295615661,0.9986351497265025,0.9998172786417432,0.9999478753724818,0.9999617897428876,0.9998448496964243
S045_007,0.9998980569192045,0.9998998755916763,0.9995174487155934,0.9999583969823328,0.9999543470270562,0.9999409051244748,0.9999863900023431,0.9999762899384848,0.9997160576773656,0.9999106828921287,0.9999907446533657,1.0,0.9997838130565654,0.9996314805035312,0.9999393939863651,0.9999654943979934,0.9997582651946233,0.9995733833789224,0.9996770187099097,0.9996810377734086,0.9999412547346367,0.9999122348417846,0.999857321092465,0.9998825925758326,0.9998920693155583,0.9998431797606188,0.9999758901126712,0.9999560916768774,0.9998725173221885,0.999959252875961,0.9998199684963742,0.999925674203316,0.9999406623629136,0.9999142141438061,0.9998958946352674,0.9998026186553873,0.9998256999117021,0.9999814360216049,0.9999648562806355,0.9998817139754604,0.9998673462762192,0.9998452983869672,0.9998045439848656,0.9999727704341247,0.9997915114718574,0.9999626156938423,0.9996293176498423,0.9998705211549505,0.9998599662857409,0.9998985886328373,0.9996979258189425,0.9999480987928263,0.9999441845468781,0.999794392454527,0.9998249561862546,0.9998230353862949,0.9992316721038244,0.9998115365571397,0.9999758927338813,0.9999746204395785,0.9998437417221959,0.9988121005643401,0.9992582683919926,0.9999564863881022,0.9999563069520226,0.999928742401983,0.9998739066525132,0.9985827981434824,0.9997806761419362,0.9999518795332539,0.9999326828102145,0.9998091522590423
S050_007,0.9998029009649652,0.9997849926683535,0.9995096256768081,0.9996771338790865,0.9998264519795441,0.9997961744031637,0.9997223561349182,0.9998326533021024,0.9995054722951145,0.9995201949506991,0.9998093304395225,0.9997838130565654,1.0,0.9994999156156816,0.9995133763622599,0.9998056613798767,0.9992893132709251,0.9992928136638581,0.9996677381109892,0.9994544374710106,0.9997578125921749,0.9996430822899076,0.9996640510239408,0.9996783508921593,0.9995450016474338,0.9997857589147582,0.999792191535886,0.9997537094207368,0.9997075687238611,0.999643030364718,0.9999307110063947,0.9996209281917876,0.9996881626105661,0.9995326583126374,0.9995610164689419,0.9996446772490377,0.9993860131291511,0.9997294800363992,0.9997061712538001,0.999661764260812,0.9997889932304912,0.9995718898945625,0.9998234095528953,0.9998899432689766,0.9993615876240057,0.999723185547851,0.9998239225746031,0.9996232328381554,0.9996454385488986,0.9996820645329192,0.9997339102034778,0.9997624013630053,0.9996179123505369,0.999734803474106,0.9999303190511827,0.9995267098835293,0.9991423906866621,0.9994415884319673,0.9997744044215794,0.9997811973927179,0.9995206168685078,0.999017702868065,0.9994062963234397,0.9996705758370225,0.9997762025468072,0.9998087543250214,0.9997313885910816,0.9989603868388162,0.9997585354191051,0.999648475158097,0.9998050650968534,0.9995936727417156
S051_007,0.9997391189290857,0.9996566366134996,0.9991269434822064,0.9995337293035575,0.9997600346153644,0.9994842852539079,0.9995858239333084,0.9996126660858865,0.9999360878298065,0.9994177062508629,0.9997026839747657,0.9996314805035312,0.9994999156156816,1.0,0.999536782133118,0.9995565811750312,0.9991895335610504,0.9996678421005785,0.9995045308470341,0.9997302785712442,0.9996936452811648,0.9993586463962726,0.9994860469515211,0.9996720242753415,0.9993816072534049,0.9992942073822262,0.9997138131113644,0.9995941598060225,0.9994200298985424,0.9996777105545533,0.9994928122160669,0.9993757090933221,0.9994357436301124,0.9995752767192949,0.999783594100848,0.9993540158949347,0.9994217283966342,0.9996544979687532,0.9995464732955287,0.9993539321131679,0.9995963920056934,0.9991203047833936,0.9994324201488667,0.9996209939513998,0.9991513940834427,0.9997286949490194,0.9990092632462846,0.9997605208855099,0.9993049338177361,0.999481123813757,0.9998506913035127,0.999466486088345,0.9994811295284101,0.9992510171984768,0.999716785050229,0.9995485491243047,0.9997384360111629,0.9998126841409752,0.999690024506917,0.9995541559046852,0.9994189668956192,0.9987350682725685,0.9996784041503017,0.99963838745819,0.9994481424303339,0.999364120637538,0.9996972741475174,0.9991338960017209,0.9999070864803293,0.999487472767072,0.9997929305160438,0.9994099348309523
S052_007,0.9997432079344579,0.9997763031418047,0.9993999925602871,0.9999179253851226,0.9998604671785537,0.999839851803832,0.99994220993926,0.9998936854191459,0.9996511780030044,0.9998981531115841,0.999908231139519,0.9999393939863651,0.9995133763622599,0.999536782133118,1.0,0.9998872158833207,0.9997647541191345,0.9995936572859739,0.9995595962286559,0.9995744849921198,0.9998502231134314,0.999857846328298,0.9997453972650048,0.9997712117052349,0.9998888666464674,0.9997039022532468,0.9998935257785256,0.9998668454008521,0.9998150985278375,0.9999320156077279,0.9996172655463934,0.9998856381552009,0.9998699086562945,0.9999613032881032,0.9998909743995328,0.9996426846860518,0.9998213312802949,0.999919478936204,0.9999068789409363,0.9998224310573016,0.9997267435518523,0.9997723118039079,0.9996646705990526,0.9998583424449485,0.9998083158910331,0.9998941356610291,0.9993907675714585,0.9998599965956264,0.9997791311410648,0.9997977822634939,0.9995587848808495,0.9998555928867553,0.9999111013863173,0.9996183513099014,0.999626318804932,0.9998524064682713,0.9991400713692562,0.9998012313139207,0.999893722712613,0.9998861138101904,0.9998035008924677,0.9986905017806594,0.9990415655317454,0.9999196991833533,0.9998770268019301,0.9998210792463115,0.9998325508758527,0.9983799037193991,0.999645367916148,0.9999188987960074,0.999833371393613,0.9997446280326469
S053_007,0.9998542184997591,0.9998303357226525,0.9997269631190085,0.9999551402774939,0.9999480082395993,0.9999596010161874,0.9999634004399905,0.9999873353748496,0.9996135442173213,0.999874333048395,0.9999648886473484,0.9999654943979934,0.9998056613798767,0.9995565811750312,0.9998872158833207,1.0,0.99970829296163,0.9995455745891816,0.9997841314151452,0.9995661473505795,0.9998598003443385,0.9998805070095108,0.9998491957265263,0.9998249829999907,0.999905547267565,0.9998351391519497,0.9999598105392887,0.9999243558418434,0.9998361243172281,0.9999209123705102,0.999816327696349,0.9999042704536902,0.9999289025849706,0.999839773134556,0.999825756685919,0.9997974383415398,0.9997769629577394,0.99994272741183,0.999946580826276,0.9998687490173599,0.9998622007745795,0.9998350570835132,0.9997952198767266,0.9999808756274288,0.9997921878482113,0.9998689560381923,0.9996795827835204,0.9998548499549315,0.9997853745872772,0.9998583078535392,0.9997353084472412,0.9999336920447872,0.999910597500904,0.9998463188553437,0.9998534522004741,0.9997793605140104,0.9993054314729696,0.9997214574600031,0.9999498142756467,0.9999420286699153,0.9998859905905721,0.9987531855680194,0.9992307804858458,0.9999582015751891,0.9999370899026025,0.9999411746405406,0.9998286646377106,0.9985664910495277,0.9996959344115485,0.9999588238069421,0.9999006168763893,0.9998324189698652
S055_007,0.9996149452813157,0.9996501111248669,0.9990804202386369,0.9997842424615834,0.9995755294731377,0.9996521200705687,0.9998453873000748,0.9996987471823147,0.9993896378529515,0.999925960998621,0.9997267832475175,0.9997582651946233,0.9992893132709251,0.9991895335610504,0.9997647541191345,0.99970829296163,1.0,0.9989611018675135,0.999123367377809,0.9994887638495349,0.9997618174965996,0.999833361252875,0.9998155078378359,0.9996929063743377,0.9998465300365509,0.9994008792618064,0.9996919041853582,0.9997675347337825,0.999373995958408,0.9998463655241485,0.9992850847313363,0.9999083992460742,0.999777969157818,0.9996877596711381,0.9996678126762013,0.9998639534386912,0.9998296643333475,0.9998197179489843,0.9998722323836662,0.9996243248787318,0.9994311391331803,0.9997498925619688,0.9992233459668806,0.9996321359967353,0.999862842545756,0.9997417871337139,0.9990752461341232,0.9996023683007051,0.9997319129084784,0.9997876039167228,0.9991656270145207,0.9997691107297334,0.9998233389513718,0.9995562963996053,0.9992654519449338,0.999440421826234,0.9988164647605836,0.9996850719952757,0.9997971544109121,0.9997539044875078,0.9997899264787898,0.9975546588899935,0.9984181897399564,0.9998356726840486,0.9996671579449845,0.9996275697838507,0.9993422596411728,0.997437005973871,0.9992624915724714,0.9998382163055949,0.999510309478754,0.9995204046307878
S056_007,0.9996177949408901,0.9994983895606964,0.99930623861376,0.9996115638769881,0.9997495075396243,0.9995999862248574,0.9994777116437192,0.9995674206501388,0.9996735257994694,0.9993916268818177,0.999633491883307,0.9995733833789224,0.9992928136638581,0.9996678421005785,0.9995936572859739,0.9995455745891816,0.9989611018675135,1.0,0.9995283399717119,0.999563358052812,0.9994228865408111,0.9993757322671413,0.99935557223021,0.9996103943325391,0.9994487856193504,0.999420780587296,0.9996418427828945,0.9995752878196379,0.9996891778280533,0.9995139579798853,0.9995140262595358,0.9993213452945053,0.9994730009835171,0.999630502924025,0.9997615459026701,0.999067993157287,0.9994823676643346,0.9995731767399141,0.9994555265413514,0.9995782346516007,0.9996543902082623,0.9992396935570442,0.9996332103835783,0.9995648056081511,0.999050749529931,0.9995522757889633,0.9989698673880227,0.9996392604120579,0.9992863694906667,0.9994601505254178,0.9996438709977487,0.999489666164231,0.9995502124142744,0.9992428244124851,0.9996173911928612,0.9997470086591896,0.9994828023768788,0.999645498384196,0.9995578987658627,0.9995625415515035,0.999486268621722,0.9991717101815971,0.999715445064375,0.9995482252157551,0.9995708904114503,0.9994971958313523,0.9997549065183245,0.9987745879171555,0.9996281950602233,0.999516269992746,0.9997806609411195,0.9996949035677242
S057_007,0.9995769366120694,0.9993901965711698,0.999872512225712,0.9996401784866721,0.999777747644246,0.9996953333244221,0.9996415773401784,0.9997229215672138,0.9993400822657412,0.9994281079979672,0.9997034862863619,0.9996770187099097,0.9996677381109892,0.9995045308470341,0.9995595962286559,0.9997841314151452,0.999123367377809,0.9995283399717119,1.0,0.999125112484125,0.999458528708889,0.9993561872928834,0.9993584750235309,0.9994658662556243,0.9994549961800984,0.9997156748871082,0.9997840866708658,0.9995397878234125,0.9996425488218755,0.9996347754771869,0.9995849859702968,0.9994130456374268,0.9996522738921707,0.9994315946966106,0.9994911130620252,0.9993278063766231,0.9993599988414212,0.9996014430721745,0.9995455558848905,0.9994445683122101,0.9998078212663111,0.9994748455417957,0.9995702928561148,0.9997731955278691,0.9994813838316828,0.9995532474394829,0.9996597521966394,0.9995686113821712,0.9991860544835264,0.9993819726173336,0.9997253975953563,0.9995218131444715,0.9995368427301428,0.9997232709684779,0.9998480880455841,0.9994197870986008,0.9993409061858555,0.9993530157549135,0.999619247194501,0.9995869991107705,0.9995933732452259,0.998882104161278,0.9993393441360348,0.9996718298748473,0.9996070594239183,0.9996353283532544,0.9996591686332774,0.9988678671401512,0.9995690101670813,0.9996461837413594,0.999766626753744,0.9994997740647279
S058_007,0.9998807382425948,0.9998462104365914,0.998899287765295,0.9996987409635378,0.9997409762497038,0.9996435566425567,0.9996463712119976,0.9996379250584323,0.9998879250787159,0.9996756471636992,0.9997508237773237,0.9996810377734086,0.9994544374710106,0.9997302785712442,0.9995744849921198,0.9995661473505795,0.9994887638495349,0.999563358052812,0.999125112484125,1.0,0.999773184023655,0.999685946905897,0.9997952212595312,0.999912223100289,0.9996282122682324,0.9993309057254577,0.9996913669640345,0.9998130650489192,0.9994898844597058,0.9996921876972847,0.999572464896166,0.9996384825523449,0.9995912793255075,0.999669132168274,0.9998774313962603,0.999651937131553,0.9997347260785655,0.9997826984382298,0.99971737726189,0.999668094895171,0.9995827362815994,0.9994100199298033,0.9995267875991277,0.9996113060682481,0.9992141543975775,0.9997818776881943,0.9988732915052251,0.9996890307981423,0.999682049508999,0.9998217910973034,0.9995587096381532,0.9997190174749009,0.9997139831606219,0.9993360608305,0.9995488238485135,0.9996402486667411,0.9994162129831532,0.9999149308442994,0.9997865117981493,0.9997463659057733,0.9996143389250433,0.9983944570468415,0.9995037202911878,0.9996911485554918,0.9996369542871368,0.9995523851088833,0.9995778293533192,0.9982971223512065,0.9997060035998124,0.9996282895834286,0.9997536735161799,0.9997006505400847
S059_007,0.9998887638520582,0.9999579821716018,0.9992359108369386,0.9998524624461079,0.9998814363710873,0.9998171649241471,0.999934264417959,0.9999129026857283,0.9998145139970266,0.9998469336886573,0.9999392115424705,0.9999412547346367,0.9997578125921749,0.9996936452811648,0.9998502231134314,0.9998598003443385,0.9997618174965996,0.9994228865408111,0.999458528708889,0.999773184023655,1.0,0.9998807728835862,0.9998737133715991,0.9998679724733952,0.999816602309829,0.9996612276789659,0.9998936555081077,0.9999200080319939,0.9997113229854918,0.9999191951896036,0.9997729352044927,0.999889232955195,0.9998118350288607,0.9998817375285504,0.9998851326426208,0.9998201434030912,0.9997379581672828,0.9999441822148931,0.9999320176018405,0.9997831959210263,0.999717166721662,0.9996835264537293,0.9997061079407975,0.9998989356654513,0.9996559102635141,0.9999636776367217,0.9994614136532927,0.9998788789405265,0.9998798708389772,0.9998807118266734,0.9996943722938031,0.9998930058675589,0.9998497443319524,0.9996160390687364,0.9997488695977546,0.9997685836625697,0.9992572743351695,0.9998549183395361,0.9999585732399001,0.9999139644381791,0.9997091884138429,0.9986583864770372,0.9992224656584786,0.9998931915835646,0.9998517076019627,0.9998044343648717,0.9998139793999076,0.9986585760698815,0.9998376735701054,0.9998419832817153,0.9998583827224764,0.9996783219918666
S060_007,0.9998307626903075,0.9999021556761424,0.9993317196532396,0.9999342782943438,0.9998277399342922,0.9999086546168273,0.9999187442839554,0.9999054763021553,0.9995801302557878,0.9999364675043061,0.9999001530017496,0.9999122348417846,0.9996430822899076,0.9993586463962726,0.999857846328298,0.9998805070095108,0.999833361252875,0.9993757322671413,0.9993561872928834,0.999685946905897,0.9998807728835862,1.0,0.9999434458167967,0.9998672165262642,0.9999592853390502,0.9996874847518424,0.9998333871509674,0.9999601503203511,0.999758411176035,0.9998551285914049,0.9997487337062272,0.9999831051825019,0.9998803816897838,0.9998778079368918,0.9998348461197352,0.9998606131729412,0.9998503156329148,0.999935068096604,0.9999655142134576,0.9999459017550926,0.9996824013912512,0.9998481784557195,0.9997369543038593,0.9998644976497899,0.999712723973071,0.9998493687880021,0.9994149427507499,0.9997821272050371,0.9999675795668755,0.9999661182554153,0.9994744351999127,0.9999807142335527,0.9999397552219923,0.9996811445885444,0.9996104090988946,0.9997998713119207,0.9990200786372024,0.9997522257986886,0.9999264987856031,0.9999551228193189,0.9998427829659896,0.9984787594062029,0.9989933849645011,0.9998917837805524,0.9999350523237093,0.9999147818033945,0.999705964344708,0.9980728581424354,0.9995455123061194,0.9999211144828086,0.9997688363723486,0.9998585377193764
S061_007,0.9998880318975685,0.9999098442043511,0.999355521293179,0.999898098084506,0.9998261795121157,0.9998684164651436,0.9998782324194295,0.9998746835258174,0.9996743631801667,0.999902046797347,0.9998837647901803,0.999857321092465,0.9996640510239408,0.9994860469515211,0.9997453972650048,0.9998491957265263,0.9998155078378359,0.99935557223021,0.9993584750235309,0.9997952212595312,0.9998737133715991,0.9999434458167967,1.0,0.9999135324595955,0.9999239074701277,0.9995641463252638,0.9998212202870563,0.9999520481082443,0.9996078372365553,0.9998465873078474,0.9997126941045203,0.9999373453052075,0.9998257131982685,0.9997724843601445,0.9998396955095303,0.9999368032550952,0.9998434995005518,0.9999226186072782,0.9999499049574812,0.9998658789481598,0.9996621702700669,0.9997446619638578,0.999644856477841,0.9998308215225369,0.9996280576809874,0.9998204289942366,0.9992911963937386,0.9997909133587246,0.9998883223775231,0.9999694686170545,0.9995761907805271,0.999944611840894,0.9998899732238938,0.9996676031733541,0.9996432485946841,0.9997025641884427,0.9992821371714595,0.9998172360292478,0.9999365488214811,0.9999138981467443,0.9998676230712222,0.9982424355910577,0.9991279356892231,0.9998979256866104,0.9998471228429487,0.999832521086713,0.9996153699497997,0.9981021776159306,0.9995799580477248,0.9998858668251206,0.9997631130770636,0.9998402533455798
S062_007,0.9999802976203903,0.9999037571400627,0.9993192671863543,0.9999151545694861,0.999900053092529,0.9998907516768284,0.9998598808068179,0.9998456796270178,0.9997927924687768,0.9998813957435427,0.9999240975391103,0.9998825925758326,0.9996783508921593,0.9996720242753415,0.9997712117052349,0.9998249829999907,0.9996929063743377,0.9996103943325391,0.9994658662556243,0.999912223100289,0.9998679724733952,0.9998672165262642,0.9999135324595955,1.0,0.9998281317438358,0.9996894141674121,0.999896711263515,0.9999625231011832,0.9997412431449322,0.9998696048643585,0.9997489842243195,0.9998468036881825,0.999875020341162,0.9997821829063578,0.9999187458271692,0.9998433734038497,0.9999047989173895,0.9999438459600967,0.9999010605078859,0.9998603867946874,0.9998373255464756,0.9997653069962865,0.9997142870704807,0.9998384919312164,0.9995813761757257,0.9999073074853213,0.9993214051143902,0.9997560993236932,0.9998190726622278,0.9999584629930154,0.9996193787304603,0.9999143771477829,0.9999242940434002,0.9997210431909975,0.9997406128137751,0.9997214897410845,0.9993330823067239,0.999897974304527,0.9999332251169899,0.9999375656925752,0.9998577183235661,0.9985341530283603,0.9994453727338283,0.9998827419400184,0.9998735361825344,0.9998303310391992,0.9997055933793221,0.9982614076705072,0.999721110600284,0.9998760035302244,0.9998999283561366,0.9998703941213922
S063_007,0.9997801509737256,0.9998182107087217,0.9994923199141184,0.9999526223648864,0.9998298990689067,0.9998972833149757,0.9999221038074138,0.9999060796816465,0.9995698467422875,0.9999468375809057,0.999886460725565,0.9998920693155583,0.9995450016474338,0.9993816072534049,0.9998888666464674,0.999905547267565,0.9998465300365509,0.9994487856193504,0.9994549961800984,0.9996282122682324,0.999816602309829,0.9999592853390502,0.9999239074701277,0.9998281317438358,1.0,0.999617536320465,0.9998384465864293,0.999927537260886,0.9997055079211203,0.9998798818109638,0.9996470135899738,0.9999701486871302,0.9998725229518375,0.9998746997012805,0.9998488493389991,0.9998250632015941,0.9998733898399319,0.99992355125876,0.9999619921192807,0.9999094478105562,0.9996604288546885,0.999813439146939,0.9996540370917918,0.9998453144236514,0.9997689140806466,0.9997967116283908,0.999317052913894,0.9998289261201395,0.9998622611334179,0.9999155258260681,0.9995220754809218,0.9999420087250656,0.9999354180230582,0.9996697432558199,0.9995864394372235,0.9998037049704126,0.9991922813648504,0.9997733154069488,0.9999167679228111,0.9999132034913396,0.9999189766803658,0.9983439108958632,0.998964169384489,0.9999375239169572,0.9998903277187041,0.9998732381542701,0.9996820449660253,0.9980315742248695,0.9994859258253753,0.9999542526512408,0.999754251719582,0.9998732988618767
S064_007,0.9997444497692352,0.9996394361717302,0.9995438584895598,0.9998038088300508,0.9998156201763367,0.9998801920019027,0.9997801040701723,0.9998044713162509,0.9993084796909946,0.999678675035841,0.999826372537948,0.9998431797606188,0.9997857589147582,0.9992942073822262,0.9997039022532468,0.9998351391519497,0.9994008792618064,0.999420780587296,0.9997156748871082,0.9993309057254577,0.9996612276789659,0.9996874847518424,0.9995641463252638,0.9996894141674121,0.999617536320465,1.0,0.9998533740981825,0.9997690562558177,0.999913355948335,0.999712089007472,0.9997993828356404,0.99967975599974,0.999884696862715,0.9996192581283613,0.9995833354193341,0.9995691738800999,0.9996142396078682,0.9997726892087713,0.9997250922202654,0.999759868141008,0.999925627998112,0.9998609615163675,0.999805501881166,0.9998681123287199,0.9996374221252838,0.999764873768231,0.9998607446566404,0.9994923074181409,0.9996375534739981,0.9996958966868702,0.9994354227414094,0.9997916502777207,0.9997929065365467,0.9998922903055996,0.9997972611354299,0.9995506834882287,0.9987472608413421,0.99941239676372,0.9997431625150949,0.9998436071689505,0.9996640975385023,0.9989990749393151,0.9991857999137095,0.999712523681795,0.9998904310578991,0.9999025627512846,0.999720206196786,0.9983880426366536,0.999557786858012,0.9997865524488461,0.9998301628136795,0.9996828026787242
S065_007,0.9999242508039163,0.9998465761509256,0.9996105025682712,0.9999489109094214,0.9999735909218057,0.9999356377152562,0.9999590652038178,0.9999519524253412,0.999735037878492,0.9998783593955121,0.9999868009451844,0.9999758901126712,0.999792191535886,0.9997138131113644,0.9998935257785256,0.9999598105392887,0.9996919041853582,0.9996418427828945,0.9997840866708658,0.9996913669640345,0.9998936555081077,0.9998333871509674,0.9998212202870563,0.999896711263515,0.9998384465864293,0.9998533740981825,1.0,0.999931548044617,0.9998495469392978,0.9999587845867446,0.9997935411436357,0.9998589829794925,0.9999444328323285,0.9998391824562219,0.9998884363668582,0.9997865977813869,0.9998303102831427,0.9999664157559183,0.9999277844272927,0.9998242601036917,0.9999333544743537,0.9998220639356059,0.9997685200151263,0.9999630131002438,0.9997744971118444,0.99994834234521,0.9996268215637589,0.9998405041750688,0.9997485330958662,0.9998617118945179,0.9997522113179388,0.9999037581310992,0.9999255479136518,0.9998478625143324,0.9998797990665225,0.9997527715010887,0.9993586702385505,0.9998202488694459,0.9999613283959922,0.9999473377409778,0.9998708374729174,0.9987826996552808,0.9993891166884703,0.9999570766632138,0.9999182153405158,0.9998943440276237,0.9998455008664776,0.9986233120576479,0.9998011864476697,0.9999427678944592,0.9999673142337173,0.9998021596516796
S066_007,0.9999515403527918,0.9999442359553771,0.9994475849814347,0.9999704285261404,0.9999363247839679,0.9999580282791735,0.9999418942614298,0.9999444252547817,0.9997378045475298,0.9999310477700543,0.9999710233169635,0.9999560916768774,0.9997537094207368,0.9995941598060225,0.9998668454008521,0.9999243558418434,0.9997675347337825,0.9995752878196379,0.9995397878234125,0.9998130650489192,0.9999200080319939,0.9999601503203511,0.9999520481082443,0.9999625231011832,0.999927537260886,0.9997690562558177,0.999931548044617,1.0,0.9998250353958676,0.9999116334894267,0.999829962757192,0.9999440772734394,0.999924713600687,0.9998779382833933,0.9999179923572996,0.9998722270169729,0.9998893159484181,0.9999829225233939,0.9999730890870683,0.9999433032974591,0.999836314468837,0.9998422074200203,0.9998075756130895,0.9999276165416563,0.9996913288686051,0.9999255556920517,0.9994849630875601,0.9998369480362606,0.9999158056221583,0.9999846097249323,0.9996535028205534,0.9999878225768764,0.9999651776599469,0.9997682312430599,0.9997778197114404,0.999821168376517,0.9992692573728212,0.9998532713978158,0.9999785974258374,0.9999912700896922,0.9998878661431703,0.9986648960180732,0.9993193551789875,0.9999384196591408,0.999957864135318,0.9999322025242575,0.9997951196651469,0.9983576407988387,0.9997188793664328,0.9999445455893334,0.999907137932884,0.9999075696966803
S067_007,0.9997677089082277,0.9997423537468999,0.9994646311798087,0.9998465403003276,0.9998771614787583,0.9998982724259973,0.9997898742753274,0.9998448685368151,0.9995016180008314,0.9996962229235354,0.999859855776337,0.9998725173221885,0.9997075687238611,0.9994200298985424,0.9998150985278375,0.9998361243172281,0.999373995958408,0.9996891778280533,0.9996425488218755,0.9994898844597058,0.9997113229854918,0.999758411176035,0.9996078372365553,0.9997412431449322,0.9997055079211203,0.999913355948335,0.9998495469392978,0.9998250353958676,1.0,0.999722274980872,0.9998521144271215,0.9997102324216849,0.9998355836505831,0.9998097949903464,0.999750674415618,0.9994727564655,0.9996523747202611,0.9998093047674553,0.9997550587111071,0.9998779838710654,0.99987583253821,0.9997726474832589,0.9999237267343186,0.9998740729844868,0.9995220603136401,0.9997976257222589,0.9996729444239594,0.9996635916729998,0.9997361634669227,0.9997472106255507,0.9995426861953541,0.9998339698126901,0.9998271156099124,0.9997051091925456,0.9997845319747648,0.9998181599159891,0.9989372563947546,0.9995642499843893,0.9997804638160317,0.999877221746639,0.9996583365180992,0.9992939744046182,0.999365188166466,0.9997360231097433,0.999935064565282,0.9999132713255005,0.999886450725772,0.9986048948721769,0.9996600904120672,0.9997932855319537,0.9998855131093203,0.9998146234538414
