,S010_001,S010_002,S010_003,S010_005,S010_006,S010_007
S010_001,1.0,0.9998860644218227,0.9998931338389662,0.9999295713157436,0.999955326254125,0.9997046298462489
S010_002,0.9998860644218227,1.0,0.999869622631264,0.9998978468636276,0.9999447447898647,0.9994288363317374
S010_003,0.9998931338389662,0.999869622631264,1.0,0.9999128528926726,0.9998895525566133,0.9993966793392874
S010_005,0.9999295713157436,0.9998978468636276,0.9999128528926726,1.0,0.999921963333213,0.9995555069708608
S010_006,0.999955326254125,0.9999447447898647,0.9998895525566133,0.999921963333213,1.0,0.9995608115177161
S010_007,0.9997046298462489,0.9994288363317374,0.9993966793392874,0.9995555069708608,0.9995608115177161,1.0
