,S011_001,S011_003,S011_004,S011_005,S011_006,S011_007
S011_001,1.0,0.9999216925557626,0.9997553956459321,0.9997149212065847,0.9999323941438636,0.9999129774918006
S011_003,0.9999216925557626,1.0,0.9995607055887822,0.9998840161461346,0.9999220183751546,0.9999033252512437
S011_004,0.9997553956459321,0.9995607055887822,1.0,0.9991527505339686,0.9996774266370811,0.9997518880099098
S011_005,0.9997149212065847,0.9998840161461346,0.9991527505339686,1.0,0.9996777384991077,0.9996266234145493
S011_006,0.9999323941438636,0.9999220183751546,0.9996774266370811,0.9996777384991077,1.0,0.9999265025816646
S011_007,0.9999129774918006,0.9999033252512437,0.9997518880099098,0.9996266234145493,0.9999265025816646,1.0
