,S022_001,S022_002,S022_003,S022_005,S022_006,S022_007
S022_001,1.0,0.9999466647047158,0.9999311576128759,0.9999453632742011,0.9999719521511344,0.9998319594952878
S022_002,0.9999466647047158,1.0,0.9999681549546606,0.9999389222816935,0.9999605777094619,0.9998858833879215
S022_003,0.9999311576128759,0.9999681549546606,1.0,0.999909800398764,0.9999410544158207,0.9998571338161979
S022_005,0.9999453632742011,0.9999389222816935,0.999909800398764,1.0,0.9999503155179508,0.9997697445294734
S022_006,0.9999719521511344,0.9999605777094619,0.9999410544158207,0.9999503155179508,1.0,0.999904571669487
S022_007,0.9998319594952878,0.9998858833879215,0.9998571338161979,0.9997697445294734,0.999904571669487,1.0
