,S026_001,S026_002,S026_003,S026_005,S026_006,S026_007
S026_001,1.0,0.9998723612985702,0.999782654511244,0.9999297526613036,0.9999300065765748,0.9999561670395061
S026_002,0.9998723612985702,1.0,0.9999803965198993,0.9999455938562868,0.9998892909981443,0.999783124918842
S026_003,0.999782654511244,0.9999803965198993,1.0,0.9998879881369566,0.9998471181716925,0.999696557527698
S026_005,0.9999297526613036,0.9999455938562868,0.9998879881369566,1.0,0.9999391376666957,0.9998467258127637
S026_006,0.9999300065765748,0.9998892909981443,0.9998471181716925,0.9999391376666957,1.0,0.9999169114433111
S026_007,0.9999561670395061,0.999783124918842,0.999696557527698,0.9998467258127637,0.9999169114433111,1.0
