,S032_001,S032_002,S032_004,S032_005,S032_006,S032_007
S032_001,1.0,0.9999732049814979,0.9999421379133815,0.9999382892860397,0.9999603926503848,0.9999425757619477
S032_002,0.9999732049814979,1.0,0.9999742396075137,0.9999241073968833,0.9999778452085555,0.9999270589653757
S032_004,0.9999421379133815,0.9999742396075137,1.0,0.9998395116852559,0.9999765716659285,0.9999118564725183
S032_005,0.9999382892860397,0.9999241073968833,0.9998395116852559,1.0,0.9999031743980342,0.9999191045184974
S032_006,0.9999603926503848,0.9999778452085555,0.9999765716659285,0.9999031743980342,1.0,0.9999206637002197
S032_007,0.9999425757619477,0.9999270589653757,0.9999118564725183,0.9999191045184974,0.9999206637002197,1.0
