,S035_001,S035_002,S035_003,S035_005,S035_006,S035_007
S035_001,1.0,0.9999471697253008,0.9999343451836213,0.9999413782286877,0.9997724004543153,0.9999277418528336
S035_002,0.9999471697253008,1.0,0.9999576000241804,0.9999689110510908,0.9998431922195461,0.9999416042492126
S035_003,0.9999343451836213,0.9999576000241804,1.0,0.9999449099773641,0.9998757403974157,0.9999124103329664
S035_005,0.9999413782286877,0.9999689110510908,0.9999449099773641,1.0,0.9998215141857829,0.9999300094403032
S035_006,0.9997724004543153,0.9998431922195461,0.9998757403974157,0.9998215141857829,1.0,0.9996330664362502
S035_007,0.9999277418528336,0.9999416042492126,0.9999124103329664,0.9999300094403032,0.9996330664362502,1.0
