,S037_001,S037_002,S037_003,S037_005,S037_006,S037_007
S037_001,1.0,0.999954515474877,0.9999364463629594,0.9999483270992467,0.9999687745036773,0.9991420892360021
S037_002,0.999954515474877,1.0,0.9999494354237691,0.9999410564926474,0.9999857540064416,0.9991161529089456
S037_003,0.9999364463629594,0.9999494354237691,1.0,0.9999748761778499,0.9999749108544731,0.9987567292789965
S037_005,0.9999483270992467,0.9999410564926474,0.9999748761778499,1.0,0.999978859840147,0.9988647120443379
S037_006,0.9999687745036773,0.9999857540064416,0.9999749108544731,0.999978859840147,1.0,0.9989909005582219
S037_007,0.9991420892360021,0.9991161529089456,0.9987567292789965,0.9988647120443379,0.9989909005582219,1.0
