,S042_001,S042_002,S042_003,S042_005,S042_006,S042_007
S042_001,1.0,0.9999055845146724,0.9998139788859322,0.9999103426405421,0.9999788346913231,0.999809013634669
S042_002,0.9999055845146724,1.0,0.9998195425560997,0.9998979325617594,0.9999396882422233,0.9997336928866903
S042_003,0.9998139788859322,0.9998195425560997,1.0,0.9997430510686858,0.9998206909884273,0.9993795287780446
S042_005,0.9999103426405421,0.9998979325617594,0.9997430510686858,1.0,0.9999466108969286,0.9996752912352581
S042_006,0.9999788346913231,0.9999396882422233,0.9998206909884273,0.9999466108969286,1.0,0.9997699025020176
S042_007,0.999809013634669,0.9997336928866903,0.9993795287780446,0.9996752912352581,0.9997699025020176,1.0
