,S044_001,S044_002,S044_003,S044_005,S044_006,S044_007
S044_001,1.0,0.9999161503041363,0.9999158312302001,0.9996903216117367,0.9999064680135986,0.9999037022901806
S044_002,0.9999161503041363,1.0,0.9999976129785633,0.9997487400651761,0.9999782652145982,0.9999705325409243
S044_003,0.9999158312302001,0.9999976129785633,1.0,0.999740168823583,0.9999822902091631,0.9999718462067634
S044_005,0.9996903216117367,0.9997487400651761,0.999740168823583,1.0,0.9998178010890346,0.9998712210800084
S044_006,0.9999064680135986,0.9999782652145982,0.9999822902091631,0.9998178010890346,1.0,0.9999853917409436
S044_007,0.9999037022901806,0.9999705325409243,0.9999718462067634,0.9998712210800084,0.9999853917409436,1.0
