,S050_001,S050_003,S050_004,S050_005,S050_006,S050_007
S050_001,1.0,0.9999780802744176,0.999836205715027,0.9999623389156268,0.9999604753422404,0.9998008107965939
S050_003,0.9999780802744176,1.0,0.9998220881958626,0.9999774248005173,0.9999718084320606,0.9998606606812042
S050_004,0.999836205715027,0.9998220881958626,1.0,0.9998366592645125,0.9998992429119573,0.9996857881285497
S050_005,0.9999623389156268,0.9999774248005173,0.9998366592645125,1.0,0.9999404822322386,0.9998501978172336
S050_006,0.9999604753422404,0.9999718084320606,0.9998992429119573,0.9999404822322386,1.0,0.9998317053832741
S050_007,0.9998008107965939,0.9998606606812042,0.9996857881285497,0.9998501978172336,0.9998317053832741,1.0
