,S067_001,S067_002,S067_003,S067_005,S067_006,S067_007
S067_001,1.0,0.9999774139862658,0.9998028085999399,0.9998968263760105,0.999708076812312,0.999696441665725
S067_002,0.9999774139862658,1.0,0.9997304015716173,0.9998415184531934,0.9997604687675522,0.9996644919532306
S067_003,0.9998028085999399,0.9997304015716173,1.0,0.999960758485296,0.9991047000660711,0.999203871743879
S067_005,0.9998968263760105,0.9998415184531934,0.999960758485296,1.0,0.9993394502599837,0.9993144082655818
S067_006,0.999708076812312,0.9997604687675522,0.9991047000660711,0.9993394502599837,1.0,0.9995465046316453
S067_007,0.999696441665725,0.9996644919532306,0.999203871743879,0.9993144082655818,0.9995465046316453,1.0
