,S071_001,S071_002,S071_003,S071_005,S071_006,S071_007
S071_001,1.0,0.9999394420947982,0.99992293814097,0.9999496954528964,0.9999610395772855,0.9997314425984953
S071_002,0.9999394420947982,1.0,0.9999642752458641,0.99992261223088,0.9999667823508344,0.9996700576811444
S071_003,0.99992293814097,0.9999642752458641,1.0,0.9999721323205375,0.9999743656812764,0.9995051762108259
S071_005,0.9999496954528964,0.99992261223088,0.9999721323205375,1.0,0.9999612253217831,0.9995357786630863
S071_006,0.9999610395772855,0.9999667823508344,0.9999743656812764,0.9999612253217831,1.0,0.9995652711143819
S071_007,0.9997314425984953,0.9996700576811444,0.9995051762108259,0.9995357786630863,0.9995652711143819,1.0
