,S075_001,S075_002,S075_003,S075_005,S075_006,S075_007
S075_001,1.0,0.9998636553551254,0.9998988741895553,0.9998796138508064,0.9996409980726252,0.9995557717337361
S075_002,0.9998636553551254,1.0,0.9999435795234896,0.9999725083559343,0.999881974944423,0.9995659296758598
S075_003,0.9998988741895553,0.9999435795234896,1.0,0.9999500393925235,0.9998931678681565,0.9996705136336874
S075_005,0.9998796138508064,0.9999725083559343,0.9999500393925235,1.0,0.9998985777272392,0.9995320585645979
S075_006,0.9996409980726252,0.999881974944423,0.9998931678681565,0.9998985777272392,1.0,0.9995418650668825
S075_007,0.9995557717337361,0.9995659296758598,0.9996705136336874,0.9995320585645979,0.9995418650668825,1.0
