,S077_001,S077_002,S077_003,S077_005,S077_006,S077_007
S077_001,1.0,0.9999678806268825,0.9999747741730318,0.9999532786687445,0.9999726466937428,0.9999687116906435
S077_002,0.9999678806268825,1.0,0.9999689390330871,0.9999251729240126,0.9999495887238564,0.9999799750065985
S077_003,0.9999747741730318,0.9999689390330871,1.0,0.9999589477569407,0.9999523405544776,0.9999518844598189
S077_005,0.9999532786687445,0.9999251729240126,0.9999589477569407,1.0,0.9998812692124835,0.9999480640183614
S077_006,0.9999726466937428,0.9999495887238564,0.9999523405544776,0.9998812692124835,1.0,0.9999148065804969
S077_007,0.9999687116906435,0.9999799750065985,0.9999518844598189,0.9999480640183614,0.9999148065804969,1.0
