,S078_001,S078_002,S078_003,S078_005,S078_006,S078_007
S078_001,1.0,0.9998709408185841,0.9999468916059606,0.9999042221407836,0.9999639200346473,0.999929250742112
S078_002,0.9998709408185841,1.0,0.9999609684607035,0.9999441399022166,0.9999193587221545,0.9999297243574908
S078_003,0.9999468916059606,0.9999609684607035,1.0,0.9999550451172211,0.9999826853209562,0.9999833174188706
S078_005,0.9999042221407836,0.9999441399022166,0.9999550451172211,1.0,0.9999526851700141,0.999968682122134
S078_006,0.9999639200346473,0.9999193587221545,0.9999826853209562,0.9999526851700141,1.0,0.9999672631178607
S078_007,0.999929250742112,0.9999297243574908,0.9999833174188706,0.999968682122134,0.9999672631178607,1.0
