,S087_001,S087_002,S087_003,S087_005,S087_006,S087_007
S087_001,1.0,0.9999723035040639,0.9999751839517769,0.9997561395924933,0.9999563649648566,0.9985859167684625
S087_002,0.9999723035040639,1.0,0.9999969923972827,0.9997823795240324,0.9999833447748313,0.9986773284993021
S087_003,0.9999751839517769,0.9999969923972827,1.0,0.999821295642749,0.9999798239920255,0.9985778723429027
S087_005,0.9997561395924933,0.9997823795240324,0.999821295642749,1.0,0.9997505076770613,0.9975015938356699
S087_006,0.9999563649648566,0.9999833447748313,0.9999798239920255,0.9997505076770613,1.0,0.9987665388327621
S087_007,0.9985859167684625,0.9986773284993021,0.9985778723429027,0.9975015938356699,0.9987665388327621,1.0
