,S095_002,S095_003,S095_004,S095_005,S095_006,S095_007
S095_002,1.0,0.999957804561341,0.9999849552743945,0.9999684125984756,0.9999887069104422,0.9999011071166524
S095_003,0.999957804561341,1.0,0.9999692371440794,0.9999267260995273,0.9999766827794987,0.9998725519036628
S095_004,0.9999849552743945,0.9999692371440794,1.0,0.9999819603976862,0.999975608914637,0.9998622915267605
S095_005,0.9999684125984756,0.9999267260995273,0.9999819603976862,1.0,0.9999503103314251,0.999796355695802
S095_006,0.9999887069104422,0.9999766827794987,0.999975608914637,0.9999503103314251,1.0,0.9999141645669031
S095_007,0.9999011071166524,0.9998725519036628,0.9998622915267605,0.999796355695802,0.9999141645669031,1.0
