,S110_001,S110_002,S110_004,S110_005,S110_006,S110_007
S110_001,1.0,0.9999275573626175,0.9999048757229512,0.9999596832982308,0.9999388935960369,0.9996160188603038
S110_002,0.9999275573626175,1.0,0.9999714308187755,0.9999755768714111,0.9998678615607351,0.9995024243260325
S110_004,0.9999048757229512,0.9999714308187755,1.0,0.9999868395996178,0.9998580848442183,0.9994369806482627
S110_005,0.9999596832982308,0.9999755768714111,0.9999868395996178,1.0,0.999909491816458,0.9995273932576856
S110_006,0.9999388935960369,0.9998678615607351,0.9998580848442183,0.999909491816458,1.0,0.9998257725845776
S110_007,0.9996160188603038,0.9995024243260325,0.9994369806482627,0.9995273932576856,0.9998257725845776,1.0
