,S113_001,S113_002,S113_004,S113_005,S113_006,S113_007
S113_001,1.0,0.9998732077241811,0.9999645711937918,0.9999687985744763,0.9997447842190625,0.9998494828759051
S113_002,0.9998732077241811,1.0,0.9998813810875191,0.9998062375124891,0.999966838692415,0.999635230375794
S113_004,0.9999645711937918,0.9998813810875191,1.0,0.9999380877410109,0.9997572433131331,0.9998813741283811
S113_005,0.9999687985744763,0.9998062375124891,0.9999380877410109,1.0,0.99969658769096,0.9998486473297358
S113_006,0.9997447842190625,0.999966838692415,0.9997572433131331,0.99969658769096,1.0,0.9994799572707437
S113_007,0.9998494828759051,0.999635230375794,0.9998813741283811,0.9998486473297358,0.9994799572707437,1.0
