,S010_007,S011_007,S014_007,S022_007,S026_007,S032_007,S034_007,S035_007,S037_007,S042_007,S044_007,S045_007,S050_007,S051_007,S052_007,S053_007,S055_007,S056_007,S057_007,S058_007,S059_007,S060_007,S061_007,S062_007,S063_007,S064_007,S065_007,S066_007,S067_007,S068_007,S069_007,S070_007,S071_007,S073_007,S074_007,S075_007,S076_007,S077_007,S078_007,S079_007,S080_007,S081_007,S082_007,S084_007,S085_007,S086_007,S087_007,S088_007,S089_007,S090_007,S092_007,S094_007,S095_007,S097_007,S099_007,S100_007,S101_007,S102_007,S103_007,S105_007,S106_007,S107_007,S110_007,S111_007,S113_007,S114_007,S116_007,S117_007,S119_007,S121_007,S122_007,S124_007
S010_007,1.0,0.9987482931696801,0.999213122045762,0.9979005904680532,0.9991544625138881,0.9991082838298925,0.9972025329108444,0.9994463330091246,0.9990385146040982,0.9977425913628145,0.998652344897196,0.9988141331974513,0.9986087542674318,0.9989862480792987,0.9991140337459152,0.9994985087903376,0.9974074855408109,0.9994497099888545,0.9988368625773579,0.9978287111893871,0.9995318198814596,0.9975105066003156,0.998021699240791,0.9981136520503693,0.9966880447785499,0.9993697901425408,0.9995695468170146,0.9990616359540159,0.9988312792649517,0.9972857335163414,0.9989913291145113,0.9983885588648229,0.9946745118540012,0.9977231740347733,0.9979197232814617,0.9958833511892743,0.9981763416326865,0.9963614940156086,0.9982827401489386,0.9960023875363191,0.998854066933344,0.9982878276172855,0.9989690632815937,0.9991672495138356,0.9978554202659323,0.9992196286281327,0.994919346046609,0.999455180337144,0.9980242768110571,0.9989899213288983,0.9995066798426315,0.9979220017124375,0.9979371088880554,0.9993097817051072,0.9994747835052874,0.9982997089024597,0.9984956335946966,0.9985042411514633,0.9989027028166614,0.9984341344110068,0.999227046127647,0.9984287231598313,0.9991499893817228,0.998759734412425,0.9965472281163623,0.9971781683017311,0.9987648324299383,0.9987547331078008,0.9988159664692183,0.998367134730677,0.9991531814470337,0.9946747709247689
S011_007,0.9987482931696801,1.0,0.9994798695261963,0.9990660627101998,0.9995719016068563,0.9994213255604845,0.9981891907342441,0.9994765716850953,0.9991940921601365,0.9987501836397934,0.9989846146357397,0.9989561031991411,0.9977766983874135,0.9989624813206035,0.9994497751125461,0.9991620596719974,0.9993800012779629,0.9991064546136196,0.9995616669409414,0.9987339521503805,0.9989157777021486,0.99942864551034,0.9975523351366314,0.9993879143696013,0.997749929474176,0.9997134658584297,0.9993130521964855,0.9992517975666875,0.9983375225821418,0.9983112481917358,0.9982101795266578,0.9991200372389237,0.9952982940720496,0.9965440043760859,0.9993430159889956,0.9974499981772482,0.9996634376834725,0.9972143092671993,0.9991109159918123,0.9967199040993061,0.9996090371007054,0.9978220671214044,0.9996968703023685,0.9972034049703578,0.9992626941352482,0.9995301519336599,0.9950845712174562,0.9990058525350727,0.9996345618510164,0.9993857325964999,0.9994593260842762,0.9958122403229283,0.9995194756858901,0.9994837103573746,0.9993047290514172,0.9973981200728699,0.9984301872270687,0.9998219063267134,0.999375246300149,0.9991041200113796,0.9994116276693134,0.9959230617487421,0.9987597724746501,0.9983807811966711,0.9976234324902911,0.9982212046335572,0.9966850054017407,0.996766416330566,0.9969097723510602,0.9982044462292711,0.9999317622069763,0.9977586442551221
S014_007,0.999213122045762,0.9994798695261963,1.0,0.9989924634808652,0.999857972468414,0.9993992960893459,0.9983690947543448,0.9993987393198371,0.9995694201098411,0.9989019601284524,0.9989970409508449,0.999131645056301,0.9979771096670527,0.9992392109601553,0.9989478007767122,0.9992319313551418,0.9987710847418277,0.9995780655392432,0.9995256805400032,0.9987147304810533,0.9995071091998851,0.9983408972028347,0.9980423621312835,0.9992517304518874,0.9978128714938377,0.9998757124608424,0.9996695942570814,0.9995562812032943,0.9986353771436827,0.9984222487789591,0.9988488087266442,0.9992707726320165,0.9951195524209707,0.9970886811124209,0.9988537053957254,0.9974865860631373,0.9992792756734105,0.9975761283892122,0.9992916150123092,0.9966969852411555,0.999081968539189,0.9977660486707891,0.9992799825600597,0.9982311520998348,0.9985224759692531,0.9996075968266227,0.9955334048623758,0.9995225659420436,0.9987607154127439,0.9992031884206684,0.9996323061497737,0.9968524040694017,0.9987717790929226,0.9994214388516819,0.999450822485646,0.9979070544070141,0.9986721898435884,0.9991184025059925,0.999340562218891,0.9990965449495496,0.9993538271521385,0.9976822539073414,0.9992695069525703,0.9991152097090055,0.9977121644897232,0.9980901982780255,0.9976491533284993,0.998093302507159,0.9984552630279437,0.9986290356444328,0.9995288063998353,0.9969247847772545
S022_007,0.9979005904680532,0.9990660627101998,0.9989924634808652,1.0,0.9992742264052461,0.9996114357373205,0.9997599536532187,0.9980668868921339,0.9994953047947871,0.9997947710762873,0.9996165642760494,0.999390847371127,0.9987984158071852,0.9984488711146271,0.9979748870574726,0.998493667612498,0.9991609292621414,0.9977877892214435,0.9995297687290269,0.9997597200595161,0.9990150289646594,0.9989508137767608,0.9991050465609491,0.9997620536688784,0.9995544016823293,0.9988808432492345,0.998979544524775,0.9996543797112254,0.9992379353054761,0.9997266418665162,0.9986673257606016,0.9996976066133596,0.9978841218636489,0.9979635639999447,0.9998196998407369,0.9995017025851668,0.9996040562432028,0.9991903721123634,0.999684017473792,0.998886174610946,0.9982167664642877,0.998865281236907,0.997937552990882,0.9978921376500411,0.9969218563009261,0.9991913592124771,0.9980293055910316,0.9986081086423536,0.998560061705888,0.9973359138310711,0.9987255306088615,0.9973812368982284,0.9992089803150193,0.9988984996499185,0.9979642667179903,0.9985385005914477,0.9961210746723635,0.9980854953142093,0.9994117725653167,0.9993819431018255,0.9979378166072382,0.9959099876688722,0.997641720478802,0.9993112463368417,0.9994253027158175,0.999574143949105,0.9954169923962317,0.9977629020624587,0.9973974753533867,0.9994592171487948,0.9987999975447945,0.9989986815790354
S026_007,0.9991544625138881,0.9995719016068563,0.999857972468414,0.9992742264052461,1.0,0.9996153379871667,0.9987419705894052,0.9995358048715257,0.9998517050519581,0.9992260586416519,0.9994396121511406,0.9994795217899739,0.9984601356606595,0.9994084431675997,0.9989489914853322,0.9995984530476356,0.9990147700503755,0.9993957733645744,0.9998601586949128,0.9991575454538616,0.9997033705543706,0.9988390859170869,0.9986115743705671,0.9996198865987603,0.998414240229875,0.9998780110373692,0.9997576028074128,0.9998013516893107,0.9990461868454829,0.9988405825540174,0.9992366472890286,0.9996220977955838,0.9960355880672168,0.9976521911529177,0.9992606488531358,0.9980448628634498,0.9995382876274641,0.9980120186181274,0.9995544338826843,0.9974206659286778,0.9991774891468141,0.9984384926476108,0.9993176367591572,0.9984937511572453,0.9985393114193203,0.9999188454009409,0.9961459531666713,0.999734260209084,0.9990121454457598,0.9990942124045545,0.9997805382667763,0.9972674726710161,0.999144575896816,0.9997789655609766,0.99957618295908,0.9984025090357298,0.998586158900439,0.9991416008568303,0.9996750432759476,0.9994359574343119,0.9992533869028262,0.9978109140582482,0.9994584216469033,0.9994504305512054,0.9982936098423629,0.9986272974640156,0.9977511246663551,0.9980199133112252,0.9985549341939199,0.998990076595185,0.9996018481739857,0.9972537311748398
S032_007,0.9991082838298925,0.9994213255604845,0.9993992960893459,0.9996114357373205,0.9996153379871667,1.0,0.999332356308282,0.999143475986347,0.9997866382391273,0.9995916316817196,0.9998477344571585,0.9998540342931372,0.9993889337850834,0.9994157145464906,0.9990212436108039,0.9993009188254168,0.9992608231613378,0.9986182488530208,0.9998039238782414,0.9996704682603168,0.9995547383380248,0.999218328312212,0.999217740684287,0.9996424851324974,0.99900122602032,0.9994055410617322,0.9997401240189454,0.9998772728187428,0.9996851525256045,0.9993850033692183,0.9994406387275347,0.9997769120925661,0.9975478490550352,0.9987065678278049,0.9996969690643431,0.9985902828657611,0.9996739366528123,0.9988384815131722,0.9997624641412137,0.9984921860824901,0.9990876116546038,0.9992613507915971,0.9987624869819053,0.9988097469361892,0.9977963834355305,0.9996725226920884,0.9975597499195328,0.9993380273367173,0.9990960847762422,0.9983511917018715,0.9993476930098296,0.9982323233891429,0.9994961754993774,0.9994646106451003,0.9989677651795815,0.9991951387677654,0.9972877138064673,0.9987220369666046,0.9998776357386455,0.9997437059588598,0.9990034084898283,0.9970286863043912,0.9985021408019809,0.9994804270365356,0.9989541996968098,0.999360517583034,0.9967911201340722,0.9984914832769176,0.9982135909262404,0.9995803270900809,0.999370138141659,0.9977533313542862
S034_007,0.9972025329108444,0.9981891907342441,0.9983690947543448,0.9997599536532187,0.9987419705894052,0.999332356308282,1.0,0.9972413651414416,0.9992697450605601,0.9999096387829661,0.9995769700631659,0.9994180916397777,0.9989296781528513,0.9981894715742566,0.9969259095559829,0.9978524789889512,0.9989098221883101,0.9966757973957503,0.9991857408805523,0.9998555562142177,0.9985860251031367,0.998492655690549,0.9993131097378694,0.9994220744586304,0.9998816219263591,0.998051229604396,0.9985443937817455,0.9994025948301126,0.9992989278854165,0.9999772839795524,0.9987795851204195,0.9996531764986171,0.9988467740763453,0.9985949801121181,0.9995777936185263,0.9998048452253823,0.9991865924076526,0.9997954098452756,0.9996499770928318,0.9995403592859706,0.9972297239437892,0.9989557402009586,0.9967537756654433,0.9978672573836551,0.9955063222394179,0.9987032081286037,0.999053364672811,0.998051319270159,0.9977499256935143,0.9960490724842987,0.9978733494608689,0.9979066060789862,0.998755524858173,0.9981952574086425,0.997148340689373,0.9989690379609791,0.9947118913125497,0.9968986772248731,0.9992427668113028,0.9994166375098248,0.9969977612129953,0.9954950553369003,0.9967803928466777,0.9993005672657536,0.9998780617583539,0.9998751576262476,0.9942633137864976,0.9976743672486468,0.9971947812251246,0.9996693159906431,0.9978251080213939,0.9987585396726304
S035_007,0.9994463330091246,0.9994765716850953,0.9993987393198371,0.9980668868921339,0.9995358048715257,0.999143475986347,0.9972413651414416,1.0,0.9991860458957338,0.998015944381721,0.9987315121109287,0.9989281880176223,0.9979208589584732,0.9994610278131937,0.9995597406710659,0.9996723309414516,0.9984903625582171,0.9995403163154827,0.9993603661261726,0.9981181594618427,0.9992626244623608,0.9987026126928934,0.9975418637963759,0.9987833752572901,0.9968079223873565,0.9997255859448402,0.9996113312174416,0.9990822144011592,0.9983913673950416,0.9974485238632939,0.9988191200348792,0.9987592111696402,0.9944328531285561,0.9969803137272163,0.9984506300635609,0.9961177447189081,0.998976899434896,0.9964066760746574,0.9986777158297369,0.9958390715230677,0.999639749570512,0.9978185663967054,0.9997772786101243,0.9980833191598046,0.9992769280273974,0.9996364212516919,0.9941727356443378,0.9995871565152094,0.999212097849704,0.9997044729968209,0.9997291545860286,0.996557976044852,0.9989214205185908,0.9996979386787505,0.9998954554818124,0.9977474693926355,0.9993043809201554,0.9995044120340776,0.9992757075712713,0.9988521178717472,0.9997326828578496,0.9975963943792384,0.9995824461920826,0.998457893560227,0.996713227133855,0.9974110074276045,0.9982948946116033,0.9973332889147005,0.9980166790196371,0.9979236236222474,0.999707531395127,0.9954554748590856
S037_007,0.9990385146040982,0.9991940921601365,0.9995694201098411,0.9994953047947871,0.9998517050519581,0.9997866382391273,0.9992697450605601,0.9991860458957338,1.0,0.9995843316662159,0.9998038210294948,0.9998176002689296,0.9991518012408624,0.9994421800849446,0.9985682103642101,0.999518322947405,0.9989554644756476,0.998848061070278,0.9998935786299327,0.9995898289137505,0.9998015329370205,0.9988050075622682,0.9993385318510588,0.9996988498743802,0.9990561638063897,0.9995231359571457,0.9997554408429508,0.999970365706066,0.9995931117135057,0.9993470773977198,0.9996676940000123,0.9998669187047773,0.9972654071749698,0.9986060762173083,0.9994461376817688,0.9986505435851406,0.9995000574140686,0.9987783639872874,0.9997804952408706,0.9983556546038934,0.9987853130646777,0.9991174394251301,0.9986972419682917,0.9990147020825259,0.9976817369867927,0.9998633197682394,0.9973728288705481,0.9996764876492731,0.9987130190879888,0.9983558984863767,0.9995293163328477,0.9982431040944176,0.999135524352404,0.9996479055859996,0.9992014271585332,0.9991668653813699,0.997727223698999,0.9984882868357365,0.999834617926539,0.9996816844587135,0.9988202989941168,0.997938727754873,0.9990880295238223,0.9998262268168103,0.9989729032254752,0.9992088452189368,0.9974254734071003,0.9985144059108638,0.998834144289693,0.9995607166403147,0.9991933941612487,0.9973705403294458
S042_007,0.9977425913628145,0.9987501836397934,0.9989019601284524,0.9997947710762873,0.9992260586416519,0.9995916316817196,0.9999096387829661,0.998015944381721,0.9995843316662159,1.0,0.9997430486519083,0.9996813836727381,0.9989202078927593,0.998783780793332,0.9976044001621462,0.9983948545207195,0.999344732305807,0.9974038936016693,0.9995791035033136,0.9999303300210292,0.9989213641071447,0.998938573365461,0.9992209372048799,0.9996885719492086,0.9997290767679625,0.9986451111192352,0.9990140624577233,0.9996507935866461,0.9993663460326964,0.9999457583058784,0.9990871299530429,0.9998925744678289,0.9984368621563332,0.9985638993428868,0.9997457830961896,0.9995776598093117,0.9995543297486965,0.9996466077619938,0.9998948269952012,0.9992598871694598,0.9979340012507021,0.9989319089833466,0.9975747428860566,0.9980236818179503,0.9965160598161849,0.999184731120381,0.9985550112852535,0.9985753380246549,0.9983732889391678,0.9969717859041952,0.9984257870032631,0.9978090333828792,0.9991703144497379,0.9987096472027609,0.997921142434335,0.9990227457725823,0.9957909320651438,0.9976879388063985,0.9996125251494091,0.9997401155666333,0.9977639784415747,0.9959862829786957,0.9975429602207869,0.9994381963152699,0.9997485676074648,0.9998444960523908,0.9949962927360948,0.9977103663732594,0.9975127206825918,0.9996554344476873,0.9984357534416491,0.9986490979344087
S044_007,0.998652344897196,0.9989846146357397,0.9989970409508449,0.9996165642760494,0.9994396121511406,0.9998477344571585,0.9995769700631659,0.9987315121109287,0.9998038210294948,0.9997430486519083,1.0,0.999919423772909,0.9995531909481337,0.9991310486520218,0.9982692173425752,0.9992326358719907,0.9991111054888022,0.9979981848754507,0.9997777924256864,0.999834903924105,0.999447295975319,0.9991021156433317,0.9995506422634102,0.9996167599529764,0.9994877122770378,0.9989974435363737,0.9994343071422179,0.9998473877440202,0.9998113652702917,0.9996666631357428,0.9995898595311221,0.9998775432929897,0.9983789344656023,0.9991149301193067,0.9997170801892882,0.9990633389254697,0.999481052170425,0.9991854433467474,0.9997630589632501,0.9991439611682503,0.9984441125160226,0.9996168376812301,0.9981691843819251,0.9988720728308511,0.9970092645493172,0.9996045560988558,0.9982706975865536,0.9991453664410486,0.9986088864773657,0.9976213157388716,0.9990172282170033,0.9985403635884669,0.9992606940593377,0.9993485024531866,0.9986606354814584,0.999513508472019,0.9965897622681817,0.9980990103238496,0.9998696098371213,0.9998245037345849,0.998274643160087,0.9969559796920504,0.9982721561478148,0.9996832725379984,0.9994491586378822,0.9996951447722364,0.9963676259702551,0.9982263067497524,0.998130370773127,0.9998172729316211,0.9988863853866866,0.9978613860740383
S045_007,0.9988141331974513,0.9989561031991411,0.999131645056301,0.999390847371127,0.9994795217899739,0.9998540342931372,0.9994180916397777,0.9989281880176223,0.9998176002689296,0.9996813836727381,0.999919423772909,1.0,0.9994931939657772,0.9995010280138951,0.9984525695632862,0.9992071050749999,0.9991658016439927,0.9981363681903399,0.9997686847061699,0.9997630209031193,0.9994611755699113,0.9990442576528473,0.9994201180537902,0.9995316420991766,0.9992051830880625,0.9990594540552941,0.9996212131734152,0.9998191928998101,0.9997791356460504,0.9995260388248225,0.9997604060041225,0.9998712809140338,0.9980911159457236,0.9992031285741092,0.9995467291557314,0.998712546471076,0.9994763640780535,0.9991662816326177,0.9998224101634223,0.9988609332688996,0.9986214989832882,0.9993960197754564,0.9982544998757811,0.9989502453382081,0.9971917165150779,0.9996104153703816,0.9980403843393679,0.9992733711499031,0.9987143139958491,0.9978052756487501,0.9990333967206158,0.9986273616593505,0.9992917970137599,0.999289329304267,0.9987995685377603,0.9995846019213952,0.9968485595906991,0.9981395358492091,0.9999297961884188,0.9999026772626648,0.9985832082972582,0.9971959093113737,0.9983952924557229,0.9996251609817808,0.9992418230795145,0.9995484834985292,0.9965028703062985,0.9983882217535587,0.9983503008315969,0.9997240766975558,0.9988821971344641,0.997362004913444
S050_007,0.9986087542674318,0.9977766983874135,0.9979771096670527,0.9987984158071852,0.9984601356606595,0.9993889337850834,0.9989296781528513,0.9979208589584732,0.9991518012408624,0.9989202078927593,0.9995531909481337,0.9994931939657772,1.0,0.9985773110473173,0.9976878491400537,0.9986953103244735,0.9977129180773718,0.9971474126906016,0.9988721615920477,0.9992117810488422,0.9991415884869177,0.9979377725108989,0.9997072685110787,0.9985864433535724,0.9988368115789534,0.9980046874634229,0.9989919897077408,0.9992742640895429,0.9999126202904595,0.9989542800606857,0.9994970389100161,0.9990738691968823,0.9984489670521423,0.9996932054210081,0.9988145267216196,0.9981757739869819,0.9983620603901106,0.9987257930294047,0.998940559838974,0.9988961800245084,0.9975836117284258,0.999849661307818,0.996971551902065,0.9994392871918133,0.995430464526666,0.9987801926564313,0.9984365962644912,0.9986322585461054,0.9974608099938572,0.9964390497439682,0.9983115203943818,0.9995322981173757,0.9982705093096165,0.998606316980854,0.9977724466599844,0.9998144435715132,0.9953280267859972,0.9966934885545607,0.9991886911921709,0.9990594627871264,0.9975067063310898,0.9971728006671932,0.9973692101639888,0.9993411414162916,0.9987890636522256,0.9990975060253768,0.996368317103883,0.9989298461712574,0.9983219452950949,0.9996674070634078,0.997863113592157,0.9962078810343036
S051_007,0.9989862480792987,0.9989624813206035,0.9992392109601553,0.9984488711146271,0.9994084431675997,0.9994157145464906,0.9981894715742566,0.9994610278131937,0.9994421800849446,0.998783780793332,0.9991310486520218,0.9995010280138951,0.9985773110473173,1.0,0.9991411560518522,0.999107057456538,0.9988000396643857,0.998733776219806,0.9994538644519686,0.9989318511869362,0.9992567811527158,0.9987309418157879,0.9984331545686523,0.9991320257176183,0.9976828480377646,0.9992541313369885,0.9997776980543125,0.9993387661618216,0.9990086548297199,0.9983300186983274,0.9994489260228235,0.9992869436483448,0.9959479905649056,0.9981580320443812,0.9987372664380347,0.9970715835261726,0.9992363403360258,0.9979836415271137,0.9993698652207814,0.9969766113462425,0.9993217297333491,0.9981832836625453,0.9988309385199754,0.9984775039779802,0.9982949095734287,0.9994569001947851,0.9958679334577042,0.9995291428659234,0.9991340554811112,0.9986702239179988,0.999241009131901,0.9976580023806866,0.9992187039776624,0.9992165213831625,0.9991490435101262,0.9986885737362379,0.9981249505495416,0.9985758637095687,0.9995584241107539,0.9993484407976668,0.9994613068711953,0.9976288069165224,0.9989131831778026,0.9988911686523387,0.997748314531689,0.9983074229688627,0.9973539224099257,0.9981260703741048,0.998503937453698,0.9986065278548667,0.9990359758598674,0.9956970844997229
S052_007,0.9991140337459152,0.9994497751125461,0.9989478007767122,0.9979748870574726,0.9989489914853322,0.9990212436108039,0.9969259095559829,0.9995597406710659,0.9985682103642101,0.9976044001621462,0.9982692173425752,0.9984525695632862,0.9976878491400537,0.9991411560518522,1.0,0.9989171011987737,0.9983410789234924,0.9991422491239675,0.9988543217384345,0.9978431690409775,0.9986975253658146,0.9987259555178601,0.9970840988058295,0.9985398095856952,0.9962445398781704,0.99934700848169,0.9993246143748675,0.998638914810757,0.9980516239215257,0.9970209493387281,0.9980228105586534,0.9982351608058745,0.993914678150693,0.9963434862269133,0.9983525582499958,0.9956665362029736,0.9989327390505116,0.9960850357930998,0.9983205840343817,0.9952650803523746,0.9999163540147166,0.9973467190094872,0.9995904868515564,0.9974029360745229,0.9993287730808287,0.9989985518021374,0.9936573902629589,0.9989859521582811,0.9995263766753553,0.9994853378536352,0.999336765777049,0.9959467146371306,0.999103630039614,0.9991248307027786,0.9991192261152726,0.9970998004289291,0.998684121379217,0.9994948985212637,0.9988064681515858,0.9982994140769833,0.9998475676114357,0.9963902409662652,0.9986114733053832,0.997646253407006,0.9961193978385208,0.9970313238381788,0.997512322152901,0.997246916961383,0.9971896843911395,0.9973956065856167,0.9996355902053595,0.9955461132048733
S053_007,0.9994985087903376,0.9991620596719974,0.9992319313551418,0.998493667612498,0.9995984530476356,0.9993009188254168,0.9978524789889512,0.9996723309414516,0.999518322947405,0.9983948545207195,0.9992326358719907,0.9992071050749999,0.9986953103244735,0.999107057456538,0.9989171011987737,1.0,0.9981594496856802,0.9992809245368839,0.9995124828061902,0.9985213301735747,0.999676339021249,0.998482128118377,0.9985003906624037,0.9989351995706314,0.9977264134896672,0.9995707210955412,0.9995471673775977,0.9994319859218089,0.9990323058851568,0.9980354746153912,0.9992724883714289,0.9990542448835136,0.9957221810919101,0.9978643906911145,0.9986931643570091,0.997023407822198,0.9988204295660007,0.9969823225990649,0.9988052541611704,0.9969647264259076,0.9989900609688275,0.9988256141094234,0.9992675938044128,0.9988968851561077,0.9982958123213348,0.9998145043468564,0.9954902211236685,0.9997165131437217,0.9985718448199706,0.9990469809200591,0.9997705789303165,0.997625488002467,0.9986191474939741,0.9999221489960376,0.9997787269422863,0.9985097805238976,0.9986803469008263,0.9988869101147253,0.9994134517101514,0.9990078096883259,0.9990166447529204,0.9982278319841869,0.9996240093425101,0.999196091376742,0.9975427953006274,0.9980116748500105,0.998570682240891,0.9978774914854347,0.9985633987203395,0.9986871576603041,0.9994245743396928,0.9958569642901093
S055_007,0.9974074855408109,0.9993800012779629,0.9987710847418277,0.9991609292621414,0.9990147700503755,0.9992608231613378,0.9989098221883101,0.9984903625582171,0.9989554644756476,0.999344732305807,0.9991111054888022,0.9991658016439927,0.9977129180773718,0.9988000396643857,0.9983410789234924,0.9981594496856802,1.0,0.9974543187293756,0.9994191867699631,0.9992735439165438,0.9980598940509996,0.9997257773169256,0.997610256341149,0.9994210685150219,0.9985634295934807,0.9987408369902919,0.9987224693229251,0.9989911733884678,0.9982856520363284,0.9990790529132975,0.9981467508516302,0.999391985379151,0.9969322106372434,0.9970949537517729,0.9996263071353507,0.9983858245982721,0.9997694748387503,0.9984475929344098,0.9994678481006789,0.9979159897031612,0.9987250183342538,0.9977837597378242,0.9984571431952304,0.9964094716354844,0.9980203656912905,0.9990071487045659,0.9965859703297022,0.9980717737067403,0.9993420838592674,0.9978861004289099,0.9982617166473372,0.99578316237152,0.9996807373941546,0.9985788379849738,0.9981927844230152,0.9977519477892841,0.9965038388507573,0.9988367734461724,0.9994446538676678,0.9995576396755065,0.9983843936853054,0.994253650702043,0.9973878581367219,0.9981595809311938,0.9986654335987685,0.9991053978912938,0.9941820874113787,0.9958862245462919,0.9958214471294738,0.998455064516341,0.9989822891086994,0.9985855533522894
S056_007,0.9994497099888545,0.9991064546136196,0.9995780655392432,0.9977877892214435,0.9993957733645744,0.9986182488530208,0.9966757973957503,0.9995403163154827,0.998848061070278,0.9974038936016693,0.9979981848754507,0.9981363681903399,0.9971474126906016,0.998733776219806,0.9991422491239675,0.9992809245368839,0.9974543187293756,1.0,0.9987915733220393,0.9973357716316494,0.9992604715483641,0.9974098880082065,0.9970205272487735,0.9982933992347702,0.9960662700775108,0.9997555196471917,0.9993236173051395,0.9988000646041275,0.997769035847163,0.9967478769896846,0.9981390301320403,0.9981376401104393,0.9928372008458605,0.9958501277413403,0.9976762182964162,0.9955351571213867,0.9983194849325636,0.9955468127427746,0.9980829266178016,0.9946917320396128,0.9991217676275329,0.9969161661792864,0.9995412457375452,0.9979589466610731,0.9989059886902716,0.9992099094467733,0.9931597051503301,0.9994740503685626,0.9983320398859393,0.9996812882711784,0.9997385271281937,0.9959700556307819,0.9979061188654226,0.999351372399919,0.9996279677193787,0.9968008180805275,0.9995564655080689,0.9991432958704803,0.9984851537760675,0.9979160449481576,0.9994787878752344,0.9981710253375844,0.999628109526156,0.9982811949288027,0.9958207194253096,0.9964083458577986,0.9989047414060985,0.9977137019292486,0.9983993447225359,0.9973967954158789,0.9994499154255412,0.9949541410222061
S057_007,0.9988368625773579,0.9995616669409414,0.9995256805400032,0.9995297687290269,0.9998601586949128,0.9998039238782414,0.9991857408805523,0.9993603661261726,0.9998935786299327,0.9995791035033136,0.9997777924256864,0.9997686847061699,0.9988721615920477,0.9994538644519686,0.9988543217384345,0.9995124828061902,0.9994191867699631,0.9987915733220393,1.0,0.999603594520979,0.99953852063225,0.9993750735203901,0.9989639280121559,0.9998347510883606,0.998983242246837,0.9995955495991787,0.9996662841668498,0.9998649665689386,0.9993506396689362,0.9993123413136893,0.9993871730106173,0.9998744780564984,0.9971458015216699,0.9982067983175054,0.9996865888004068,0.998611628674901,0.9997859064764597,0.9986144230198052,0.9997958494521761,0.9982421734437679,0.9991306585428706,0.9989417334389183,0.9990566227318527,0.9984199026964956,0.998268006721485,0.9999152620206042,0.9969992074861755,0.999513376837468,0.999231938244776,0.9986483239730904,0.9995181506814965,0.997557272783943,0.9995483635220249,0.9997197463243271,0.9992919856767007,0.9988336170110707,0.9978782816296815,0.9989950048867575,0.9999195445591018,0.9997811103438391,0.9990012789968726,0.9971541511323461,0.9990145465307265,0.9994899526053375,0.9989156722239779,0.9992475897720184,0.9969822327588416,0.9977841907198485,0.9981313821864825,0.9993068208413807,0.9994843375094787,0.9978117013014937
S058_007,0.9978287111893871,0.9987339521503805,0.9987147304810533,0.9997597200595161,0.9991575454538616,0.9996704682603168,0.9998555562142177,0.9981181594618427,0.9995898289137505,0.9999303300210292,0.999834903924105,0.9997630209031193,0.9992117810488422,0.9989318511869362,0.9978431690409775,0.9985213301735747,0.9992735439165438,0.9973357716316494,0.999603594520979,1.0,0.9989862939597757,0.9991067260658102,0.9994470744554617,0.9997300595341678,0.9997179890137728,0.9985843857092794,0.9990950329072859,0.9996616911146766,0.999557997289618,0.999895196239924,0.9992275075384632,0.9998832912130747,0.9986298446269254,0.9988204052119861,0.9997947579075879,0.9994929715520008,0.9995817062489549,0.999650536569024,0.999875716456062,0.999326465182794,0.9981457568000688,0.9992130664662988,0.997610474447201,0.9982128039842062,0.9965986276058788,0.9992238113307995,0.9985770485029157,0.9986830102064304,0.9985747987676371,0.996970142366225,0.9985027942802175,0.998073328740482,0.9993546421030963,0.9988248869958811,0.9979201994459763,0.9992181177136272,0.9957900286118143,0.9976838538070525,0.9996711809134015,0.9997349909443008,0.9978791537348942,0.9961003906690501,0.9975650045841402,0.9994320243688579,0.9997195517156072,0.9998859409194447,0.9952299002600036,0.9978509651821076,0.9976096697429225,0.9996789332385474,0.9984645709284696,0.9984023893872065
S059_007,0.9995318198814596,0.9989157777021486,0.9995071091998851,0.9990150289646594,0.9997033705543706,0.9995547383380248,0.9985860251031367,0.9992626244623608,0.9998015329370205,0.9989213641071447,0.999447295975319,0.9994611755699113,0.9991415884869177,0.9992567811527158,0.9986975253658146,0.999676339021249,0.9980598940509996,0.9992604715483641,0.99953852063225,0.9989862939597757,1.0,0.9980616839495863,0.9992157069267424,0.9992021740269539,0.9983124427435651,0.999547420736169,0.9997839536230948,0.999787581231435,0.9994966480067594,0.9986232698022114,0.9995895939439478,0.9993668624189429,0.9963214256053233,0.998409531013757,0.9988257683984264,0.997771558426618,0.9989267729006647,0.9979421326137531,0.9992406876401377,0.9975410153673192,0.9987359078399626,0.9990035981001869,0.998733321718804,0.9994758543183705,0.997587646375473,0.9997215797597885,0.9965782957296281,0.9998601359277208,0.9982722414362952,0.9985484704482889,0.9997320432177318,0.9984702962265795,0.9985369189048665,0.9996826993082706,0.9993388322041448,0.9989793653484993,0.998151585631787,0.9983143346424431,0.9994513541415099,0.999105974593665,0.9989237881246957,0.9988031974366922,0.9993760709493354,0.9997353499747796,0.9981333914480734,0.99843978606588,0.9985184983953431,0.9990694480587893,0.9993913992435052,0.9992667580275147,0.9991320263813924,0.9962209714163441
S060_007,0.9975105066003156,0.99942864551034,0.9983408972028347,0.9989508137767608,0.9988390859170869,0.999218328312212,0.998492655690549,0.9987026126928934,0.9988050075622682,0.998938573365461,0.9991021156433317,0.9990442576528473,0.9979377725108989,0.9987309418157879,0.9987259555178601,0.998482128118377,0.9997257773169256,0.9974098880082065,0.9993750735203901,0.9991067260658102,0.9980616839495863,1.0,0.9976845364767533,0.9993513523472568,0.9982994482737142,0.9986577694026633,0.9986621111359959,0.9988482826007644,0.9983466877566778,0.99869550830261,0.9980845485738142,0.9991562625094367,0.9968531781578367,0.9970851074613384,0.999607089023322,0.9979845588583075,0.9996779815737296,0.9979198423596407,0.9991414414244464,0.9977124946289427,0.9990595271422318,0.9981447559147449,0.998696806377357,0.996468999888685,0.9983483384022099,0.9990602499636314,0.9960933095654868,0.9981546406608292,0.9996366769115833,0.9980465042351563,0.9984392686341006,0.9957668669947194,0.9998574988417994,0.9988690351949553,0.9982994257923431,0.9977106054880359,0.996699780891893,0.9990179006300509,0.9993833006669801,0.9993238801466744,0.9984800795739478,0.9942519710789077,0.9975198276967892,0.9979414568079215,0.9983077576664643,0.9988929960284247,0.9947050719287934,0.9956672032189149,0.9956545675755161,0.9982185900536168,0.9991408210234809,0.9981440973735709
S061_007,0.998021699240791,0.9975523351366314,0.9980423621312835,0.9991050465609491,0.9986115743705671,0.999217740684287,0.9993131097378694,0.9975418637963759,0.9993385318510588,0.9992209372048799,0.9995506422634102,0.9994201180537902,0.9997072685110787,0.9984331545686523,0.9970840988058295,0.9985003906624037,0.997610256341149,0.9970205272487735,0.9989639280121559,0.9994470744554617,0.9992157069267424,0.9976845364767533,1.0,0.9989540425662108,0.9993220950908521,0.9979583919909693,0.998847233724374,0.9994063569382075,0.9998125471417406,0.9992872005834392,0.999474880407672,0.9992985143666718,0.9985605485081505,0.9994218296491989,0.9988637720508895,0.998875802657179,0.9984445873044232,0.9991779296455567,0.9991666034408677,0.9991171211895358,0.997207198862151,0.9996346547071886,0.9966153293355687,0.999280346755974,0.9951161426342754,0.9988044779589883,0.9986969108525615,0.9987367844301441,0.997212528834422,0.9960453980406432,0.9982934220163003,0.9993001487879801,0.9981539851213517,0.9985668345022373,0.9974783385093474,0.9996305658287078,0.9952114065658502,0.9962991361666929,0.9990790934475661,0.9989737874256785,0.9971055674206197,0.997505813349609,0.9974894791446461,0.9996637521501053,0.9992114758350722,0.9992755506766362,0.9963062104028081,0.9988865773563521,0.9986572077189795,0.9997219207056275,0.9975560758682246,0.9966448598037747
S062_007,0.9981136520503693,0.9993879143696013,0.9992517304518874,0.9997620536688784,0.9996198865987603,0.9996424851324974,0.9994220744586304,0.9987833752572901,0.9996988498743802,0.9996885719492086,0.9996167599529764,0.9995316420991766,0.9985864433535724,0.9991320257176183,0.9985398095856952,0.9989351995706314,0.9994210685150219,0.9982933992347702,0.9998347510883606,0.9997300595341678,0.9992021740269539,0.9993513523472568,0.9989540425662108,1.0,0.9992079566694072,0.9992753068744757,0.9993362948369243,0.9997242621506364,0.999132210608299,0.9994727901549237,0.9989553306026054,0.9998294629447481,0.9972710560322239,0.9977887161248588,0.9997889154903343,0.9990540008428744,0.9998750115193994,0.9989193329403486,0.999825820631195,0.9983500084460503,0.9989151824571073,0.9986420354728573,0.9986174672383568,0.9978541845598344,0.9979587235594942,0.9995886843555436,0.9971669621552415,0.9991491077814774,0.9992224417984734,0.9981089593872126,0.9991788672769952,0.997072433897214,0.9996281085738404,0.999347558572731,0.9986029626600529,0.9984469873826839,0.997234445674307,0.9986722019029611,0.9996603510245764,0.9995485605112227,0.9986354064294952,0.9964726300065501,0.9984400820014432,0.9992883770714382,0.9991039462236283,0.9993580756901758,0.9961933827708549,0.9975205504135534,0.9977164685243467,0.999152596628616,0.9991823775605192,0.9984065027180495
S063_007,0.9966880447785499,0.997749929474176,0.9978128714938377,0.9995544016823293,0.998414240229875,0.99900122602032,0.9998816219263591,0.9968079223873565,0.9990561638063897,0.9997290767679625,0.9994877122770378,0.9992051830880625,0.9988368115789534,0.9976828480377646,0.9962445398781704,0.9977264134896672,0.9985634295934807,0.9960662700775108,0.998983242246837,0.9997179890137728,0.9983124427435651,0.9982994482737142,0.9993220950908521,0.9992079566694072,1.0,0.9975865226888789,0.9980744768648682,0.9991570866545928,0.9991584385356407,0.9998990049054766,0.9986129837117752,0.999474951819652,0.9991894352747726,0.9985822973035199,0.9994219078062608,0.9998989793537488,0.9988401450997693,0.9996593418632803,0.9993566009560171,0.9997630898288888,0.9966248333520463,0.9990879562924927,0.9962470340405609,0.9976640893918132,0.9948681494277837,0.9985031643600716,0.9992035773075109,0.9977218727721506,0.9972588121272433,0.9954160767161534,0.9975118314366299,0.9978068339165217,0.9984117121987405,0.9980306409891857,0.9968047399533431,0.9989121407007006,0.9941130506450865,0.9963709192336774,0.9990193457914797,0.9992146619966845,0.996259979857937,0.9951942307842139,0.9964952641093772,0.9992025522246365,0.9999638062285882,0.9998642913648641,0.9938867992263648,0.9971192595343722,0.996822993963262,0.9995734299742023,0.9973721545985262,0.9986703967198097
S064_007,0.9993697901425408,0.9997134658584297,0.9998757124608424,0.9988808432492345,0.9998780110373692,0.9994055410617322,0.998051229604396,0.9997255859448402,0.9995231359571457,0.9986451111192352,0.9989974435363737,0.9990594540552941,0.9980046874634229,0.9992541313369885,0.99934700848169,0.9995707210955412,0.9987408369902919,0.9997555196471917,0.9995955495991787,0.9985843857092794,0.999547420736169,0.9986577694026633,0.9979583919909693,0.9992753068744757,0.9975865226888789,1.0,0.9996935898443197,0.9995012222295229,0.998600296893013,0.9981452209487587,0.9987792594794166,0.9991559637188949,0.9948714939616543,0.9969134553095608,0.9989004114549046,0.9971766910593024,0.9993255526636514,0.9971134447260345,0.9991099362356571,0.9964425736982939,0.9994652849475771,0.9979183787242566,0.9996982548652178,0.998177481628879,0.9990563149569573,0.9997630371119186,0.9949887129297752,0.9996581989792327,0.9991162696207229,0.9995896386121342,0.9998865225306326,0.99662905226564,0.99898168754278,0.9997457233837977,0.999732380639242,0.9977645114681065,0.9991081731239911,0.9995172502499896,0.9993667067626791,0.9990010850262805,0.9995827417415888,0.9976740473840753,0.9995476654960948,0.9989580037682277,0.9974205389149581,0.997912723777187,0.99810486233385,0.9978040802703856,0.998292112451514,0.9984140316803548,0.9998329151572817,0.9967426652804787
S065_007,0.9995695468170146,0.9993130521964855,0.9996695942570814,0.998979544524775,0.9997576028074128,0.9997401240189454,0.9985443937817455,0.9996113312174416,0.9997554408429508,0.9990140624577233,0.9994343071422179,0.9996212131734152,0.9989919897077408,0.9997776980543125,0.9993246143748675,0.9995471673775977,0.9987224693229251,0.9993236173051395,0.9996662841668498,0.9990950329072859,0.9997839536230948,0.9986621111359959,0.998847233724374,0.9993362948369243,0.9980744768648682,0.9996935898443197,1.0,0.9997414872028184,0.9993818900163449,0.9986163418014775,0.9995537407827095,0.9994619444286089,0.9961351426481659,0.9983002410005212,0.9990250021140458,0.997523517634367,0.9993394995632544,0.9980375435709103,0.9994685449988547,0.9973150682419686,0.9993719089939049,0.9986892206698326,0.9991422517428843,0.9990585530346839,0.9983242428143111,0.9997521302784693,0.9962713980190009,0.9998183536015128,0.9990237684144212,0.9989886445597626,0.9997161728345795,0.9980893243811699,0.9991369024666412,0.9996242227841098,0.9994702360672493,0.9988795878714838,0.9984030055346541,0.9988640103753565,0.9996794546477628,0.9993920459241589,0.9995419872177633,0.9981752519480153,0.9992623037553218,0.9993849105749208,0.9980133136443142,0.9985010186502565,0.9980528999057524,0.9987919122823474,0.9989660519066325,0.9990746044969179,0.9994508185206259,0.9963309568122879
S066_007,0.9990616359540159,0.9992517975666875,0.9995562812032943,0.9996543797112254,0.9998013516893107,0.9998772728187428,0.9994025948301126,0.9990822144011592,0.999970365706066,0.9996507935866461,0.9998473877440202,0.9998191928998101,0.9992742640895429,0.9993387661618216,0.998638914810757,0.9994319859218089,0.9989911733884678,0.9988000646041275,0.9998649665689386,0.9996616911146766,0.999787581231435,0.9988482826007644,0.9994063569382075,0.9997242621506364,0.9991570866545928,0.9995012222295229,0.9997414872028184,1.0,0.9996734838732749,0.9994445873446743,0.9995794456207931,0.9998652018942227,0.9974251696844685,0.9986411361332334,0.9995612078565549,0.9987917636553213,0.9995509500829884,0.9988792939057531,0.9997979637556645,0.9984943185714437,0.9987981675851584,0.9992155983728149,0.9986534390045047,0.9990226913965478,0.9975951102468646,0.9997970382725652,0.9975797283428102,0.9995755635008994,0.9987394400930073,0.9982834178149141,0.9994938140344307,0.9983105914003264,0.9991902418226332,0.9995884316971061,0.9990654699724455,0.9991859519913627,0.9975121870333671,0.9984959664780101,0.9998198797565323,0.9996675802712974,0.9988004030509058,0.9977247365140959,0.9988814233815263,0.9998132883202467,0.9990584784025887,0.9993074101396303,0.9972560335934015,0.9986504300870666,0.9987286489204926,0.9996554636405461,0.9992320841562498,0.9976513368881759
S067_007,0.9988312792649517,0.9983375225821418,0.9986353771436827,0.9992379353054761,0.9990461868454829,0.9996851525256045,0.9992989278854165,0.9983913673950416,0.9995931117135057,0.9993663460326964,0.9998113652702917,0.9997791356460504,0.9999126202904595,0.9990086548297199,0.9980516239215257,0.9990323058851568,0.9982856520363284,0.997769035847163,0.9993506396689362,0.999557997289618,0.9994966480067594,0.9983466877566778,0.9998125471417406,0.999132210608299,0.9991584385356407,0.998600296893013,0.9993818900163449,0.9996734838732749,1.0,0.9993273192799813,0.9997227871936061,0.9995248226717085,0.9983492889131853,0.9995590064769231,0.999201489538077,0.9986055906365859,0.998901423517258,0.9990446459491524,0.9994225295677416,0.9989839322140435,0.9980602771472433,0.9997775102997893,0.9975728659266553,0.9994634378930951,0.9961878494463793,0.9992480839548269,0.9984153589107168,0.9990904712490905,0.9979797167228377,0.9970914127303244,0.998799347116579,0.9993345196919837,0.9987058799567912,0.9990309252130412,0.998285979947674,0.999808315280082,0.9961134775519982,0.9973270151861766,0.9995525869409273,0.9994375890703168,0.9980237455817922,0.9975421579115656,0.9979868101877181,0.999689834197873,0.99910754945452,0.9993684882696009,0.9967374575440245,0.9990154316737705,0.998662694566423,0.9998487703579868,0.9983746543327929,0.9968240563700166
