,S010_007,S011_007,S014_007,S022_007,S026_007,S032_007,S034_007,S035_007,S037_007,S042_007,S044_007,S045_007,S050_007,S051_007,S052_007,S053_007,S055_007,S056_007,S057_007,S058_007,S059_007,S060_007,S061_007,S062_007,S063_007,S064_007,S065_007,S066_007,S067_007,S068_007,S069_007,S070_007,S071_007,S073_007,S074_007,S075_007,S076_007,S077_007,S078_007,S079_007,S080_007,S081_007,S082_007,S084_007,S085_007,S086_007,S087_007,S088_007,S089_007,S090_007,S092_007,S094_007,S095_007,S097_007,S099_007,S100_007,S101_007,S102_007,S103_007,S105_007,S106_007,S107_007,S110_007,S111_007,S113_007,S114_007,S116_007,S117_007,S119_007,S121_007,S122_007,S124_007
S010_007,1.0,0.9997890417946397,0.9997600235508786,0.999686805400147,0.9998019525290068,0.9995600433977332,0.9995977248172884,0.9997487887142976,0.9998247672531,0.9995204579469781,0.9997089459183058,0.9995767558338391,0.9994423993329095,0.9996295181905005,0.9996822942342314,0.999540057486827,0.9987689886669372,0.9996055804217627,0.9996015524859206,0.9998500558297326,0.9998808748169535,0.9992394145237172,0.9998973629880085,0.9997880958723905,0.9991314839179027,0.9997553145245456,0.9995420862237577,0.9996215796293478,0.9990193210989565,0.9996764796993263,0.9996904873718448,0.9996427965192637,0.9995300151465037,0.9998276501344129,0.999880155545264,0.9996961813947061,0.9994229892704407,0.9997229850802168,0.9996267822004302,0.9995485268023696,0.9994063623103264,0.9994187567955272,0.9994324561102472,0.9996848916341396,0.9991894565705215,0.9995439642175851,0.998524038493598,0.999415926838091,0.9997277347901057,0.9996564162608598,0.9996881436331289,0.9996910097047855,0.9996424394929763,0.9992245616048855,0.999649395677654,0.9995332812475389,0.9999186626772073,0.9998286506816175,0.9996189713168468,0.9996615328007756,0.9995606581049452,0.9981309684773354,0.9992053319513582,0.9997926323983604,0.9996785662601545,0.9994801327821966,0.9997285618634488,0.9992444297652211,0.9993005740674337,0.9995184721344161,0.9996203799400936,0.9997500521499821
S011_007,0.9997890417946397,1.0,0.9997354895466631,0.9998136337715935,0.9997647559861549,0.9998138811106987,0.9998851881563234,0.9999765956432211,0.9996569204225129,0.9997618810774879,0.9999378639924652,0.9998481268055164,0.999671403646293,0.9995214142637937,0.9998135310145385,0.9997489429838162,0.999123644744473,0.9994520500028422,0.9999148034726526,0.9993975485157538,0.9998905327875299,0.9996690588506747,0.9999297630993217,0.99994481342209,0.9992296987033223,0.9998032245483873,0.9997529078342537,0.9998397754601661,0.9996542050724668,0.9999472642944847,0.9999192305114037,0.9998774206804047,0.9997175634174036,0.9999804458036734,0.999893630160721,0.9992295038982918,0.9995704887033154,0.9999275382827134,0.9998805001861868,0.9998607676082378,0.9997969891736377,0.999669638484228,0.99970857144333,0.999961250715533,0.9994491524872962,0.9998730588274608,0.9993126655678067,0.9994441328965269,0.9998473668831485,0.9998451719500184,0.9995550825916221,0.9999284171727458,0.9998790508205904,0.9996365460896192,0.9997945760673503,0.9997080397495103,0.9997859532125252,0.9999408639975788,0.999864108529288,0.9999037501153725,0.9997283903341626,0.9985933535030828,0.9995018282643499,0.9999453533759834,0.9999662330822077,0.9997890314931643,0.9998559065476676,0.9993780370296839,0.9993285021088072,0.9998068385542809,0.9999206736417099,0.9998254636120171
S014_007,0.9997600235508786,0.9997354895466631,1.0,0.999743230086603,0.9997645446413463,0.9997094939247578,0.999678338359262,0.9997968835062502,0.9996128289726552,0.9996431362687409,0.9997483597209686,0.9996076933595305,0.9996228274566646,0.9990402190588163,0.999715079336777,0.9997891260287833,0.9989151481273139,0.9993563548057807,0.9996501683621537,0.9993470229943253,0.9998832247391892,0.9993871799303179,0.9998533069087925,0.9998332445418621,0.9994299207914417,0.9996986747876283,0.9996426580384566,0.9996252661430538,0.9991443421297799,0.9997929837243629,0.9997985863545059,0.9997602467128298,0.9995903489766415,0.9997734437618333,0.9997776197462646,0.9994914521908072,0.9994905766014942,0.9997236412281104,0.9996437967000518,0.9996326544050652,0.9996750872349663,0.999459688296603,0.9994896785107094,0.9997851904885184,0.9993614577037809,0.9997214084658416,0.9989582377121493,0.9995306617602158,0.9997815401382691,0.999786978099331,0.9996596543812725,0.9998040734693402,0.9995652211464312,0.9993773043167065,0.9995708423372439,0.999661590514239,0.9997693367715889,0.9997797081062598,0.9996759226023498,0.9996830372955219,0.9994891635171465,0.9981641588083011,0.9993436973900427,0.9998386969177065,0.999691588702885,0.9996473702304453,0.9997357656617868,0.9992624527662549,0.9992180739013812,0.9996310292136932,0.999699040048453,0.9997734815864381
S022_007,0.999686805400147,0.9998136337715935,0.999743230086603,1.0,0.999858191353331,0.9999719456878217,0.9998859218086819,0.9998865909882556,0.9998033881873033,0.9998954908397016,0.9999294326390812,0.9998941016802392,0.9995199827826612,0.9993932789635377,0.9998822800330378,0.9999420608076778,0.9993491503093651,0.9996445208988379,0.999858749272057,0.9991898324386724,0.9998347064256908,0.999844536701895,0.9998546610940064,0.999834541239086,0.9996594044970464,0.9998482144832861,0.9999431040835461,0.9999108263044069,0.9995382603599198,0.9997684265675321,0.9996964195070279,0.9998527684794839,0.9999311301210496,0.9998396678027739,0.999802099665285,0.999297765449168,0.9999018489358433,0.9999271305231211,0.9998751829178761,0.9998888323921264,0.999749515894041,0.999878975145385,0.9991848467314789,0.9998610421415142,0.999748269165013,0.9998784346588501,0.9989525894518243,0.9998408179257027,0.9999312608796567,0.9999214385726592,0.9992790018286853,0.9996979174497425,0.9999192595437477,0.9997601466401406,0.9994627688385718,0.9998467575892945,0.9995777777087574,0.9997041396552926,0.9999318431606155,0.9999305413117257,0.9998543184814908,0.9976070554501114,0.9990816570118557,0.9998548799657541,0.9997737245536735,0.9999066540900162,0.9995456828215264,0.9987484028293875,0.9986350290742079,0.9999126034518799,0.9995652005430348,0.9999758962180112
S026_007,0.9998019525290068,0.9997647559861549,0.9997645446413463,0.999858191353331,1.0,0.9998287539204461,0.9997581555701915,0.9997952213035027,0.9999242795307545,0.9996371060155489,0.9998223247336577,0.9997267136691896,0.9993936047950752,0.9994928179420807,0.9999576055612546,0.9998446284969763,0.9989644775816001,0.9998038062747995,0.9997707763307828,0.9994826538029291,0.9998363563279025,0.9994590065458049,0.9997762755314131,0.9998387866295679,0.999494618746325,0.9997641703900526,0.9997648195841535,0.999653671350437,0.9993054149163795,0.9997533559978253,0.9995912919376688,0.9997426577233731,0.999796975332395,0.9997365695796727,0.9997988434015775,0.99925624311864,0.9997173203623099,0.9998253343473578,0.9997144453942781,0.9996479647988171,0.9996629533482803,0.999574204107301,0.9993241549493186,0.9997031795747229,0.9996189870581095,0.9997173531937456,0.9985947602354729,0.9998538992464754,0.9997738620822967,0.9997224134145897,0.9996410879736919,0.9996041423521993,0.9997462246135286,0.9995575279134159,0.9996401810937342,0.9996369879927838,0.9998317430005182,0.999829951645489,0.9997758015143785,0.9997362817233567,0.9998864614697939,0.9978452238756415,0.9991156223894475,0.9998924475267302,0.9997427762906247,0.9995926890352739,0.9996003993872752,0.9990550422555988,0.9989547172241671,0.9997537797027161,0.9995585704078285,0.9998085981048673
S032_007,0.9995600433977332,0.9998138811106987,0.9997094939247578,0.9999719456878217,0.9998287539204461,1.0,0.9999054078904697,0.9998995002077692,0.9997059352799373,0.9998737849376024,0.9999323155771268,0.999896271413002,0.9995642323159042,0.9992531038997603,0.9998979009391662,0.9999707447645733,0.9993117795531641,0.9995720600880539,0.9999137099875232,0.9989980177344419,0.9997737557199734,0.9998685962752527,0.9997846900507863,0.9998509198326057,0.9996223617758029,0.9998108598570487,0.999929742660491,0.9998679017126467,0.9996804003872656,0.999807939667464,0.9997069473994147,0.9998534480142677,0.9999273846061203,0.9998076150081797,0.999724117525351,0.9990637723731907,0.9998633653430725,0.9999170967729615,0.9998622263439736,0.9998937412907902,0.9998586668159026,0.9998411351675777,0.9992655279587553,0.9998765243898893,0.9997679129494301,0.9999191694451187,0.9991506781984744,0.999829748250515,0.9998777689142644,0.9998941213186712,0.9992732542776658,0.9997140391997805,0.9998984888421961,0.9998177193876729,0.9995024051704718,0.9998007509978886,0.9995157293272912,0.9997094439324784,0.9999287708630578,0.999916194649525,0.9998698670086262,0.9977817421437245,0.9991811640854891,0.9998748064712372,0.9998178263128139,0.9999106781509031,0.9995563259258321,0.9988075802795813,0.9986475438067447,0.9999311034190312,0.9996155501491669,0.999923703355661
S034_007,0.9995977248172884,0.9998851881563234,0.999678338359262,0.9998859218086819,0.9997581555701915,0.9999054078904697,1.0,0.9998937286764299,0.9995801723878316,0.9999420286195504,0.9999852782577499,0.9999881641044149,0.9995083984415992,0.9992851563953524,0.9998811187339901,0.9998592019257857,0.9995768620510642,0.9993119776929763,0.9998899227283878,0.998997847938066,0.9998707000375712,0.9998384235128874,0.9998385882505809,0.9998544547584789,0.999646166529115,0.9997395549336174,0.9999477130118374,0.9999265897448547,0.9995766426626587,0.9999137520987837,0.999725456689885,0.9999775321260703,0.9999148508294915,0.9998758441245135,0.9998260845079002,0.9989734888222325,0.9998320328072302,0.9999841586260722,0.9999816648263824,0.9998492328320001,0.9997915747548899,0.9998846016602688,0.9993488307009486,0.9999114095252277,0.9998171317930334,0.9999830859987641,0.9991496863590519,0.9996348797587844,0.999919103037064,0.9999465744085713,0.9992629169860064,0.9998174324266748,0.9999503248002223,0.9999195177250418,0.9994573236698906,0.9997855786940129,0.9995811727933082,0.9997901607766345,0.9999888983839446,0.9999707266152474,0.9997471016046289,0.9978603168299943,0.999090064902671,0.9998608673356744,0.9998175343368344,0.9998232872770612,0.9995404204177004,0.9988608272623128,0.9989427158008768,0.9999838973246222,0.9997486387482509,0.9998399860413576
S035_007,0.9997487887142976,0.9999765956432211,0.9997968835062502,0.9998865909882556,0.9997952213035027,0.9998995002077692,0.9998937286764299,1.0,0.9996828291513487,0.9998039896534668,0.9999505940361997,0.9998572716368963,0.9997337807704466,0.9994235421768536,0.9998390513039187,0.9998525826479073,0.999124442949523,0.9995113864620635,0.999947369259507,0.9993123726506924,0.9998764166593719,0.9997506909826818,0.9999253785009339,0.9999605459091748,0.9993262614543442,0.9998475328068163,0.999804277741384,0.9998614449584037,0.9997183586150268,0.9999356834902292,0.9999346145287084,0.9998791812100648,0.9997734394810416,0.9999663713405263,0.9998577554504707,0.9992605183941257,0.9996421502635683,0.9999309958167085,0.9998735418360983,0.999915220788109,0.999874255473468,0.9997143593806428,0.9996594925399507,0.9999840281840048,0.9995064364203091,0.9999074171745816,0.9993853349690974,0.9995630408274423,0.9998751319459881,0.999884187360529,0.9995314946472966,0.9999215853827466,0.9998829849572148,0.9996681196228345,0.9997746189085659,0.9997656422438338,0.999731635451438,0.9999008047312029,0.9998859954588071,0.9999221121594838,0.9997740283127053,0.9984989303780288,0.9995330609587633,0.9999638075616606,0.999969672483685,0.9998818399233743,0.9998513723931653,0.9993109303526025,0.9991810617411365,0.9998417379122084,0.9998827966519589,0.9998939589335808
S037_007,0.9998247672531,0.9996569204225129,0.9996128289726552,0.9998033881873033,0.9999242795307545,0.9997059352799373,0.9995801723878316,0.9996828291513487,1.0,0.9994997143666814,0.9996890819063173,0.9995747365077136,0.999169510744215,0.99970623168354,0.9998190000928499,0.9997024299866797,0.9987854917959047,0.9999261388593357,0.9996041069858479,0.9996319449994169,0.999732252862753,0.9993631070408047,0.9997239068939051,0.9996774162219022,0.999314879302971,0.999684276525486,0.9996442180576803,0.9995913272115029,0.9991556157643738,0.9995470556073496,0.9994696155468344,0.9995654255868396,0.9996588481157948,0.9996542306092557,0.9997687327829227,0.9993946670839059,0.9996493841362896,0.9997074109137933,0.9995896673514036,0.999602281579382,0.9993990781093017,0.9995030158533513,0.9990963949088109,0.9995642511969953,0.9994193248878416,0.999504230816917,0.9982491814846103,0.9997783634878215,0.9997092870741734,0.9995978830793333,0.9994638727950809,0.9994070908762714,0.9996783721952983,0.9993122728171983,0.9995386492392855,0.9996192911841223,0.9997563351864219,0.9996859084467474,0.999644600902641,0.9996316035734766,0.999851756819087,0.9975606467001413,0.9988997373175652,0.9997464222051056,0.9996183775065024,0.9995256572197768,0.9994902797048826,0.9988804163783837,0.9986550649266455,0.9995873772817278,0.9993399191577312,0.9997740362186546
S042_007,0.9995204579469781,0.9997618810774879,0.9996431362687409,0.9998954908397016,0.9996371060155489,0.9998737849376024,0.9999420286195504,0.9998039896534668,0.9994997143666814,1.0,0.9999246168617311,0.9999625485039397,0.999446862692987,0.9991322756603225,0.9997483740675985,0.9998273339312119,0.9997083276939527,0.9991886921844849,0.9997742905882583,0.9988548736796437,0.9998187122475807,0.9998968778505752,0.999813211612168,0.999735369039497,0.9997552417878077,0.9997208084542856,0.999967532631946,0.9999676519965679,0.9994123857738086,0.9997701748857959,0.9996307321034001,0.9999298455684182,0.9999164685749911,0.999813347834195,0.9997566387391245,0.9990983763518632,0.9998893515708048,0.999928353814001,0.9999496793341499,0.9998293759407523,0.9996649096818209,0.9999652936478092,0.999051050788755,0.9998528689991582,0.9998187341353311,0.9999370158662395,0.9990166243931858,0.9996117438383163,0.9999387301048093,0.9999764321552164,0.9990024459460355,0.9997278262059535,0.9999218926798945,0.9998908377914967,0.9991817607522604,0.9998181831812606,0.9993879521865954,0.9995925268246381,0.9999656394081798,0.9999613170884986,0.9996086312597166,0.9973625982299764,0.9988536490562333,0.999721765552234,0.9996506591106346,0.9998675156706722,0.999361208873894,0.998485914819836,0.9986231160423219,0.9999574637112671,0.9995637390793372,0.999876727453387
S044_007,0.9997089459183058,0.9999378639924652,0.9997483597209686,0.9999294326390812,0.9998223247336577,0.9999323155771268,0.9999852782577499,0.9999505940361997,0.9996890819063173,0.9999246168617311,1.0,0.9999707698021695,0.9995848765816905,0.9994119108593557,0.9999044224312993,0.9998865029504101,0.9994551358600202,0.9994575902476193,0.9999244057629523,0.9991859815862877,0.9999110190362525,0.9998308074665996,0.9999058964207912,0.9999108917627517,0.999585356054494,0.9998144480100084,0.9999359918218919,0.9999394737860765,0.9996182736243336,0.9999312903480657,0.9998063282556372,0.9999663004343641,0.9999055626795325,0.9999335459333092,0.9998818409124229,0.9991498233221046,0.9998196597312168,0.9999968695428633,0.9999731109984895,0.9998972112258241,0.9998174970539844,0.9998666870397975,0.9994436541198943,0.9999505595290793,0.9997487428333355,0.999970184113858,0.9991767429970504,0.9996688529524822,0.9999442455976857,0.9999547446975069,0.9993826640584372,0.9998584587912729,0.9999635146720953,0.9998504561546061,0.9995824103034455,0.9998199377083724,0.999677137397239,0.9998513715189279,0.9999837815403951,0.9999830198483336,0.9998030654033309,0.9980271030081823,0.999225332323392,0.9999195633790812,0.9998829572459894,0.9998671511879534,0.9996598260966466,0.9990098654596131,0.9990189435054238,0.9999619871842242,0.9997921293604214,0.9999024062940338
S045_007,0.9995767558338391,0.9998481268055164,0.9996076933595305,0.9998941016802392,0.9997267136691896,0.999896271413002,0.9999881641044149,0.9998572716368963,0.9995747365077136,0.9999625485039397,0.9999707698021695,1.0,0.9994742497516228,0.9992924524081402,0.9998472557100534,0.9998262056468876,0.999629617469502,0.9993053420056959,0.9998698521553068,0.9989706875265444,0.9998374370832729,0.9998669936137825,0.99981945115287,0.9998131478516722,0.999664547692024,0.9997584756150938,0.9999623135690628,0.9999488860966389,0.9995359350635626,0.9998467491708433,0.9996573929549855,0.9999491942498049,0.9999427279907233,0.9998557604904074,0.9997934057810293,0.9989966517344661,0.9998687667987517,0.9999765620923059,0.9999789213320426,0.999830968257741,0.9997383694236814,0.9999299439088452,0.9992168877153731,0.9998780248898247,0.999835649678399,0.9999629382001057,0.9990636330683683,0.999639263606212,0.9999132845965525,0.999942152549839,0.9991567554085128,0.999763527497453,0.9999706205939669,0.9999363044124912,0.9993585143161589,0.9997630033036122,0.9995084246442969,0.9997194994760579,0.9999906159539599,0.9999779354974212,0.9997309175934448,0.9976464610563406,0.9989815495704946,0.9998099475036345,0.9997595665055447,0.9998229520993949,0.999454026538894,0.9986773957674057,0.9988115383791389,0.9999847790250224,0.999664485727359,0.9998559967423915
S050_007,0.9994423993329095,0.999671403646293,0.9996228274566646,0.9995199827826612,0.9993936047950752,0.9995642323159042,0.9995083984415992,0.9997337807704466,0.999169510744215,0.999446862692987,0.9995848765816905,0.9994742497516228,1.0,0.9986410689617622,0.9993871704014125,0.9994808505222311,0.9984374898403272,0.999010360672051,0.9997565067370227,0.9990086612144834,0.9995197626919825,0.9993320054112136,0.9996410373720904,0.9998170463276063,0.9987934202509755,0.9998127205948916,0.9993556157450921,0.9994516260652824,0.9994108904939587,0.9996094131250097,0.9997567968189759,0.9994654218939162,0.9994261515272649,0.999708326864541,0.9993500154326329,0.9992453497262782,0.9990898802679817,0.9995315680975116,0.9994089316718074,0.9994664709870592,0.9998105848737961,0.999227944764193,0.9995957069871189,0.9997387461507434,0.9989463030550871,0.9996233878215312,0.9995558906540776,0.9991033806221565,0.999417391276192,0.9995367764578734,0.9995083921055339,0.9998145507500654,0.9994389187507602,0.9992743089664349,0.9995652506147983,0.9991376519422134,0.9993955871224008,0.9995928524024256,0.9994644801480398,0.9995621010833903,0.9992215678309174,0.9987144323675393,0.9997776804418586,0.9997244542056988,0.9996799214320778,0.9995711782677437,0.9997547900087344,0.9991702941077542,0.9992835581329887,0.9994176034033349,0.9997061838109015,0.9996370828786448
S051_007,0.9996295181905005,0.9995214142637937,0.9990402190588163,0.9993932789635377,0.9994928179420807,0.9992531038997603,0.9992851563953524,0.9994235421768536,0.99970623168354,0.9991322756603225,0.9994119108593557,0.9992924524081402,0.9986410689617622,1.0,0.999424685677544,0.9991538849592269,0.9985318860651501,0.9996118598982339,0.9992775063952777,0.9995822393217734,0.9994372397276904,0.9990751623232506,0.9994936794912457,0.9993131672256993,0.9986238808533958,0.9992547260795974,0.9992486807441346,0.9993781653791053,0.9990050376558257,0.9992879427583556,0.9992499002647696,0.9992686531599673,0.9991928638329352,0.9994874786540068,0.999648039829535,0.9989963978816422,0.9992158584026058,0.999457272812607,0.9993936395742877,0.9994120036751712,0.9988771842479824,0.9992176899502838,0.9989519348865527,0.9993047421170773,0.9989071831320907,0.9991220758811058,0.99793946253638,0.9991233257620277,0.9994220449717334,0.9992381594420702,0.9990100331393478,0.9991299520657916,0.999508429820644,0.9989153428028564,0.9993825706411427,0.9993721620320632,0.9995268925430234,0.9994844997324884,0.9993471424065903,0.9993838145878687,0.9995694313306899,0.9976374863708838,0.9985556112696454,0.9993972449670899,0.999445357321975,0.9991884640302827,0.9992742972869022,0.9987962513354212,0.9985015445938132,0.9992282490817906,0.999171233231094,0.9993728561916352
S052_007,0.9996822942342314,0.9998135310145385,0.999715079336777,0.9998822800330378,0.9999576055612546,0.9998979009391662,0.9998811187339901,0.9998390513039187,0.9998190000928499,0.9997483740675985,0.9999044224312993,0.9998472557100534,0.9993871704014125,0.999424685677544,1.0,0.9999003506598966,0.9992157974453044,0.9996668240092814,0.9998467102681748,0.9992349109845258,0.9998378576226605,0.9996195973243013,0.9997617490017845,0.9998514495302463,0.9995964009567475,0.9997223298559489,0.9998630025200688,0.9997417923703752,0.9994775046571355,0.9998451743649458,0.9996173942194774,0.999851944503896,0.9998758704165623,0.9997634392437447,0.9998023795728342,0.9989962495882712,0.9998002736897422,0.9999046459995835,0.9998319405943746,0.9997360171125371,0.9997554766940273,0.9996963749138544,0.9993453999503726,0.9997764098143834,0.9997751728339958,0.9998434461262458,0.998802330993422,0.9998474532894495,0.9998243814496199,0.9997987159928611,0.9995089677937594,0.9996591757366402,0.9998383367427001,0.999754201740292,0.9996018133526524,0.9997068058834631,0.999744737602066,0.9998399884084314,0.9998808146387393,0.99982619046934,0.9999184494436798,0.9978545356131268,0.9990862606818375,0.9999065378071106,0.999798943218475,0.9996719916520023,0.9995592855647211,0.9989984682402685,0.9989146705384355,0.9998816619574998,0.9996348658857043,0.9997994256275103
S053_007,0.999540057486827,0.9997489429838162,0.9997891260287833,0.9999420608076778,0.9998446284969763,0.9999707447645733,0.9998592019257857,0.9998525826479073,0.9997024299866797,0.9998273339312119,0.9998865029504101,0.9998262056468876,0.9994808505222311,0.9991538849592269,0.9999003506598966,1.0,0.9992739166789149,0.9995517249663506,0.9998280809789278,0.9989659739885277,0.9997825288856874,0.9997819344157417,0.9997536378674022,0.9998097027192338,0.9996918900526292,0.9997181102365882,0.9999014945369954,0.9997973820364185,0.9995579283131684,0.9997984248558683,0.9996802713229906,0.9998439504932147,0.9998738040797036,0.999740272238604,0.999720550775596,0.9990483747182974,0.9998434925316724,0.999867398956072,0.9998108688866523,0.9998473589772632,0.9998178484217605,0.9997717340301155,0.9992361750236614,0.999827462617693,0.9997652901636108,0.999880224049543,0.9990366772101554,0.9998600599881473,0.9998694394601451,0.9998750102292208,0.999307213184987,0.9996725144051523,0.9998077123309774,0.9997482648952603,0.9994677793003444,0.9998295202579096,0.9995377574331166,0.9996926631348536,0.9998827566699573,0.9998476508686133,0.9998339694321493,0.9977028240803003,0.9991112335855088,0.9998533500923764,0.9997612184222624,0.9998595407263612,0.9995266578160589,0.998841185877443,0.9986240495312974,0.9998918813614449,0.9995755783855987,0.9998768080992478
S055_007,0.9987689886669372,0.999123644744473,0.9989151481273139,0.9993491503093651,0.9989644775816001,0.9993117795531641,0.9995768620510642,0.999124442949523,0.9987854917959047,0.9997083276939527,0.9994551358600202,0.999629617469502,0.9984374898403272,0.9985318860651501,0.9992157974453044,0.9992739166789149,1.0,0.9982806389650155,0.9990830178567094,0.9978471748532344,0.9993109089520202,0.9995636215570632,0.9992010755637459,0.9989758171229308,0.9996874148504189,0.9989101178766167,0.999657406620419,0.999610940990614,0.9986790992839416,0.9992266230081425,0.9988481023335026,0.9995917921475421,0.9995213044594768,0.9991863707725637,0.9992782447739833,0.9981382934319257,0.9996455837501396,0.9994933300611982,0.9996439182485184,0.999303298811748,0.9988940193004003,0.9997513652424059,0.9980396521064795,0.9992484864222155,0.9997093861778421,0.9995069200667636,0.9981309803059298,0.9990655130567273,0.9995513609905896,0.9995850434575104,0.997906779561757,0.999052757531835,0.999525401455535,0.9996925298963856,0.9981358677193638,0.9994773652756512,0.9986064012221446,0.998880671140845,0.9996086918319157,0.999537021598008,0.9989945619467181,0.9958547111107346,0.9975474379983149,0.9989824536663089,0.9989013880555818,0.9993107218183445,0.9983593656459523,0.9973038113086496,0.9976595386034072,0.9996370453713826,0.9988546205067178,0.9992494184758267
S056_007,0.9996055804217627,0.9994520500028422,0.9993563548057807,0.9996445208988379,0.9998038062747995,0.9995720600880539,0.9993119776929763,0.9995113864620635,0.9999261388593357,0.9991886921844849,0.9994575902476193,0.9993053420056959,0.999010360672051,0.9996118598982339,0.9996668240092814,0.9995517249663506,0.9982806389650155,1.0,0.9994788216559103,0.9994940367951615,0.9994297844197236,0.9991600505367854,0.9994615903772411,0.9995042175309686,0.998959880745228,0.9995450487275492,0.9993936681705976,0.9993162406904642,0.9991486071372089,0.999291075565706,0.999261689857011,0.9992473547357226,0.9994533762673196,0.9994175549071732,0.9994892622692678,0.9991550590702585,0.9994238111381298,0.9994663589101427,0.9992949280122905,0.9994353733251622,0.9992797669067282,0.9992230044627622,0.9989389186010192,0.9993393899595601,0.9991439204020939,0.999243378736146,0.9980952833944995,0.9997039173376351,0.9994292671558965,0.9993000237786231,0.9993345330421198,0.9991277217220852,0.9994620375695243,0.9990337030310624,0.9994947983221578,0.9993685917833082,0.9995532704418287,0.9994880679453538,0.9993898526746462,0.9993830900204044,0.9998224244682816,0.9975246688344321,0.9988598471689261,0.9995942052894462,0.99949126912633,0.999353211769145,0.9993573129803487,0.9987622727371996,0.9983192735512236,0.999335954191404,0.9990906731515575,0.9996016944269943
S057_007,0.9996015524859206,0.9999148034726526,0.9996501683621537,0.999858749272057,0.9997707763307828,0.9999137099875232,0.9998899227283878,0.999947369259507,0.9996041069858479,0.9997742905882583,0.9999244057629523,0.9998698521553068,0.9997565067370227,0.9992775063952777,0.9998467102681748,0.9998280809789278,0.9990830178567094,0.9994788216559103,1.0,0.9991161922937258,0.9997548433163186,0.9997540975417175,0.9997981699673678,0.999944850975893,0.9992993289705423,0.9998718590924381,0.999795439276545,0.9997991027443393,0.9997847706182641,0.9998740681753409,0.9998046765704081,0.9998149218405928,0.9998320533964017,0.9998826048336006,0.9996984290583004,0.9990291624286668,0.9996411210760832,0.9999018221091419,0.9998262683676842,0.9998284740199938,0.9999393343846333,0.9996933682296968,0.9995718166998646,0.9999206474784674,0.9995674476366918,0.9999107286229048,0.9994154392767631,0.9996039990233284,0.9997658495559891,0.9998093572805838,0.999467281748231,0.9998429899646563,0.9998738428196071,0.999761200883961,0.9997092518916323,0.9995981098823783,0.9996039752739493,0.9998305018420595,0.9998692657299436,0.9998911224500963,0.999797968260305,0.9984002174063417,0.9995113464606914,0.9999362155652863,0.9999291348060543,0.9998213459719787,0.9997391066742565,0.9991247702055778,0.9990730374465284,0.999854130487162,0.9998065896308388,0.9998473086355357
S058_007,0.9998500558297326,0.9993975485157538,0.9993470229943253,0.9991898324386724,0.9994826538029291,0.9989980177344419,0.998997847938066,0.9993123726506924,0.9996319449994169,0.9988548736796437,0.9991859815862877,0.9989706875265444,0.9990086612144834,0.9995822393217734,0.9992349109845258,0.9989659739885277,0.9978471748532344,0.9994940367951615,0.9991161922937258,1.0,0.9994749279890692,0.998519178209166,0.9995272171895894,0.9993937155383802,0.9983528427217055,0.9993915587245616,0.9989138630875604,0.9990501706679304,0.9984501924122456,0.9991794940506294,0.9992898331652641,0.9990517543066566,0.9989332914238098,0.9994302960020256,0.9995291903469816,0.9996160262465493,0.9987914711494865,0.9992100315033399,0.9990475055191586,0.9990153304525423,0.9988388691478555,0.9987494678127162,0.9991751655704878,0.9991782120826637,0.9984397664843794,0.9989069669500478,0.9978212480863228,0.9989228633496114,0.99920342044872,0.9990635393498372,0.9995873564468596,0.9992239013540678,0.9991212870543305,0.9984606266999273,0.9994867089522966,0.9989735408187083,0.9997626739458836,0.9995213269397928,0.9990305875769693,0.9991069228717696,0.9991746462713004,0.9980704668864653,0.9989566271691652,0.9994091622585957,0.9992896646212218,0.9988875421535839,0.9994948992550658,0.9991699724335262,0.9991522891790957,0.9988760697385782,0.9991994232361567,0.999298233445728
S059_007,0.9998808748169535,0.9998905327875299,0.9998832247391892,0.9998347064256908,0.9998363563279025,0.9997737557199734,0.9998707000375712,0.9998764166593719,0.999732252862753,0.9998187122475807,0.9999110190362525,0.9998374370832729,0.9995197626919825,0.9994372397276904,0.9998378576226605,0.9997825288856874,0.9993109089520202,0.9994297844197236,0.9997548433163186,0.9994749279890692,1.0,0.9995700584661908,0.9999624882835553,0.9998779208343463,0.9995421660366117,0.9997586156337521,0.9998166370964421,0.9998389921396666,0.9992552154185819,0.9998969099572841,0.9998024572751538,0.9999242939874119,0.9997596578092315,0.9999164642294585,0.9999623112789426,0.9994432004580804,0.9996880283021571,0.9999158855722934,0.9998825026941052,0.9997522627947527,0.999639656958163,0.9997091874400886,0.9994704191221748,0.9998719303604874,0.9995822399659016,0.9998427956038664,0.9988765732236738,0.9995652614829136,0.9999278121542889,0.9999071153350466,0.999567285160617,0.9998562272978456,0.9998231304454575,0.9996216013476366,0.9995814535678214,0.9997799298177719,0.9998505489800145,0.9998869050003992,0.9998705853707663,0.9998729961095538,0.9996457792063664,0.9980345466784359,0.9991747447137795,0.9998859848541275,0.9997841185814395,0.9997060851077669,0.9997033740010627,0.9991650684371355,0.9992590973313576,0.9998175842021805,0.9997775961659499,0.999843807751336
S060_007,0.9992394145237172,0.9996690588506747,0.9993871799303179,0.999844536701895,0.9994590065458049,0.9998685962752527,0.9998384235128874,0.9997506909826818,0.9993631070408047,0.9998968778505752,0.9998308074665996,0.9998669936137825,0.9993320054112136,0.9990751623232506,0.9996195973243013,0.9997819344157417,0.9995636215570632,0.9991600505367854,0.9997540975417175,0.998519178209166,0.9995700584661908,1.0,0.9996353509620972,0.9995952503105933,0.9995372790799648,0.9995930629468825,0.9998813590915665,0.9999085310379053,0.9996674533524228,0.9996317286554566,0.9995569182255771,0.9997738077280205,0.9998182724966888,0.9996951149347497,0.9995638829796968,0.9987623942791741,0.9998181040873467,0.9998226603126973,0.9998481963118602,0.9998957582687317,0.9996451996207392,0.9999284329166116,0.9989182827016132,0.9997931745288635,0.9996988929528022,0.9998483880630361,0.9991818672078202,0.9995295528295899,0.9998162347774548,0.9998528190727145,0.9986618433043133,0.9995688110337234,0.9998818745382215,0.999823043392115,0.9991080215296788,0.9997904595899413,0.9990847124880076,0.9994045263462578,0.9998796654894875,0.9998937374186361,0.9996303985389537,0.9973310803509414,0.9988170124060677,0.9995990550788665,0.9996335877185425,0.9999304277037793,0.9992467382457773,0.9983076697067677,0.9981724651937666,0.9998799664436508,0.9994263678401955,0.999801015754804
S061_007,0.9998973629880085,0.9999297630993217,0.9998533069087925,0.9998546610940064,0.9997762755314131,0.9997846900507863,0.9998385882505809,0.9999253785009339,0.9997239068939051,0.999813211612168,0.9999058964207912,0.99981945115287,0.9996410373720904,0.9994936794912457,0.9997617490017845,0.9997536378674022,0.9992010755637459,0.9994615903772411,0.9997981699673678,0.9995272171895894,0.9999624882835553,0.9996353509620972,1.0,0.999898970741236,0.9993877152385274,0.9998378360343143,0.9997811641004899,0.9998770569809031,0.9993798573333893,0.9998664313887172,0.9998850666554666,0.9998738319473901,0.9997264411389262,0.9999742380918293,0.9999443593221172,0.9995697739864978,0.9996368782366435,0.9999049204087982,0.9998633614938404,0.9998254854154919,0.9996659995792603,0.9997169925200178,0.9995215703964933,0.9999231551118246,0.9994498785231767,0.9998264639851021,0.9990542774518966,0.9994906601600791,0.9999207173335568,0.999904733697936,0.9995291110388703,0.9998968751318784,0.9998466755064904,0.999557058869711,0.9996391034384973,0.9997791766911981,0.9998020573486849,0.99986504777947,0.9998511783615842,0.9998974901495139,0.9996317343843032,0.9982043469462938,0.9993305260421904,0.9998880940767855,0.9998368340802648,0.9997990950636481,0.99978915212569,0.9992026610593422,0.9992316476658354,0.9997776312773288,0.9998019827236803,0.9999025264634606
S062_007,0.9997880958723905,0.99994481342209,0.9998332445418621,0.999834541239086,0.9998387866295679,0.9998509198326057,0.9998544547584789,0.9999605459091748,0.9996774162219022,0.999735369039497,0.9999108917627517,0.9998131478516722,0.9998170463276063,0.9993131672256993,0.9998514495302463,0.9998097027192338,0.9989758171229308,0.9995042175309686,0.999944850975893,0.9993937155383802,0.9998779208343463,0.9995952503105933,0.999898970741236,1.0,0.9992924848521018,0.99989983127808,0.9997429025157167,0.9997603593559921,0.9995861348100118,0.9999203753822249,0.999885490979605,0.9998347948893587,0.9997649554716376,0.9999321680966612,0.9998038351770273,0.999311836722019,0.9995648001714752,0.9998892958343967,0.999798738378051,0.9997686509083783,0.9998981678991093,0.9995990057318468,0.9997069935935621,0.9999298037074354,0.9994701019576443,0.9998761249295767,0.9993108679009236,0.999569330517762,0.9997942234650248,0.9998223744629451,0.9997150405021806,0.9999250101632002,0.9998055822124651,0.9996314449783391,0.9998045294099489,0.9996010538277187,0.9998067227229743,0.9999328948450166,0.9998277142428585,0.9998549313011227,0.9997247094793359,0.9985719736305124,0.9996076121947229,0.9999869874841355,0.9999304952818128,0.9997540495216579,0.9998693895299442,0.9993661003291636,0.9993759632506258,0.9997896781518741,0.9998849551875638,0.9998553831843847
S063_007,0.9991314839179027,0.9992296987033223,0.9994299207914417,0.9996594044970464,0.999494618746325,0.9996223617758029,0.999646166529115,0.9993262614543442,0.999314879302971,0.9997552417878077,0.999585356054494,0.999664547692024,0.9987934202509755,0.9986238808533958,0.9995964009567475,0.9996918900526292,0.9996874148504189,0.998959880745228,0.9992993289705423,0.9983528427217055,0.9995421660366117,0.9995372790799648,0.9993877152385274,0.9992924848521018,1.0,0.9992721992661808,0.9998157923868853,0.999606176603761,0.9987325537092665,0.9993722894310386,0.9990250623736326,0.9996688227725672,0.9997629797998197,0.9992864490607286,0.9994227598827343,0.9986729188147885,0.9998633823922526,0.9996038498080642,0.9996323975719452,0.9993892987228958,0.9992351633131262,0.9997393348866185,0.9982876424532081,0.9993616125677267,0.9998954286348796,0.9996191091749329,0.9980866713492922,0.9996914666289213,0.9996923278076337,0.9997062517148052,0.9985954503646981,0.9991731549516382,0.9995495603830324,0.9997039380804993,0.9985403634069562,0.9996142084699362,0.9990421250531558,0.9991500493470131,0.9996979796459493,0.999588856967412,0.9993773521123127,0.9960722937197382,0.9979710164654849,0.999331246896013,0.9990900911901289,0.9994521820859945,0.9986961794417867,0.9977153191174335,0.9978906626406777,0.9997456499742325,0.998948052145171,0.9995529594765276
S064_007,0.9997553145245456,0.9998032245483873,0.9996986747876283,0.9998482144832861,0.9997641703900526,0.9998108598570487,0.9997395549336174,0.9998475328068163,0.999684276525486,0.9997208084542856,0.9998144480100084,0.9997584756150938,0.9998127205948916,0.9992547260795974,0.9997223298559489,0.9997181102365882,0.9989101178766167,0.9995450487275492,0.9998718590924381,0.9993915587245616,0.9997586156337521,0.9995930629468825,0.9998378360343143,0.99989983127808,0.9992721992661808,1.0,0.9997147243848241,0.999749303620039,0.999424560527593,0.9996834144183231,0.9997091000621058,0.9996767801193412,0.9997940461930193,0.9998506527295329,0.9996603431244407,0.9995161111117582,0.999594776182884,0.9998029684626505,0.9996924796617543,0.9996719588707522,0.9997683121105284,0.9996282737834412,0.9993648173317367,0.999810702179664,0.9994106988668513,0.9997620851576613,0.9990751688177546,0.9995963742978374,0.9997265941248422,0.9997630014984245,0.9995204915395851,0.9997653917693732,0.9997790687166495,0.9995600644744879,0.9995711452931567,0.9994767145440098,0.9996214954219164,0.9997181613720592,0.9997564114576795,0.999811268899601,0.9996472880661548,0.9980567269692648,0.9994221029705987,0.9998528449830923,0.9997503214858936,0.9997370608693886,0.9996837668241905,0.9989181159334634,0.9990341703645806,0.9997102973026969,0.9996216518452269,0.9999150128885431
S065_007,0.9995420862237577,0.9997529078342537,0.9996426580384566,0.9999431040835461,0.9997648195841535,0.999929742660491,0.9999477130118374,0.999804277741384,0.9996442180576803,0.999967532631946,0.9999359918218919,0.9999623135690628,0.9993556157450921,0.9992486807441346,0.9998630025200688,0.9999014945369954,0.999657406620419,0.9993936681705976,0.999795439276545,0.9989138630875604,0.9998166370964421,0.9998813590915665,0.9997811641004899,0.9997429025157167,0.9998157923868853,0.9997147243848241,1.0,0.9999358191341207,0.9994446084304577,0.9997698095910992,0.9995751197344219,0.9999210224812282,0.999967004375871,0.999774451690797,0.9997709249480737,0.9990291180218421,0.9999633389905417,0.9999432725632147,0.9999423581606659,0.9998335392960128,0.9996792752931264,0.9999586233382175,0.9990224149112373,0.9998156818500138,0.9999064747567157,0.9999237569105732,0.9988658879522108,0.9997833855256798,0.9999389474711091,0.999948467423397,0.9990680578518726,0.9996502225376014,0.999936153726163,0.9999086768850091,0.9992427183986313,0.9998440938563403,0.9994520267157552,0.9996272925968274,0.99997908778954,0.9999455018711455,0.9997677614227791,0.997282280224859,0.9988002798780803,0.9997623488410231,0.9996711591632812,0.9998447202938617,0.999342858452121,0.9984978404433383,0.9985340091388615,0.999983701935869,0.9995137895134786,0.9998846369925343
S066_007,0.9996215796293478,0.9998397754601661,0.9996252661430538,0.9999108263044069,0.999653671350437,0.9998679017126467,0.9999265897448547,0.9998614449584037,0.9995913272115029,0.9999676519965679,0.9999394737860765,0.9999488860966389,0.9994516260652824,0.9993781653791053,0.9997417923703752,0.9997973820364185,0.999610940990614,0.9993162406904642,0.9997991027443393,0.9990501706679304,0.9998389921396666,0.9999085310379053,0.9998770569809031,0.9997603593559921,0.999606176603761,0.999749303620039,0.9999358191341207,1.0,0.9995055899044502,0.9997857793139012,0.9997148906790279,0.9999129419652767,0.9998692050939798,0.9998870404709067,0.9998350187918621,0.9992068804723775,0.9998516868522755,0.9999469353566381,0.9999629499879308,0.9999071549328871,0.9996371985380397,0.9999580729617256,0.9991548631324338,0.9998943910679885,0.9997097791839124,0.9999041138746595,0.999049163280632,0.9995625171543006,0.9999601024014249,0.9999657849735076,0.9990427875631896,0.9997567960937991,0.9999651928273533,0.9998089729357378,0.9993166252802383,0.9998660781204115,0.9994646484442169,0.9996542026211539,0.9999604840546068,0.9999835076392363,0.9996691178984862,0.9975804828261318,0.9989544651174757,0.9997541717956941,0.9997367885839978,0.9999084166781229,0.9994745450835871,0.9986460699944187,0.9986802648943904,0.9999246357930786,0.99961990790552,0.9999078110883932
S067_007,0.9990193210989565,0.9996542050724668,0.9991443421297799,0.9995382603599198,0.9993054149163795,0.9996804003872656,0.9995766426626587,0.9997183586150268,0.9991556157643738,0.9994123857738086,0.9996182736243336,0.9995359350635626,0.9994108904939587,0.9990050376558257,0.9994775046571355,0.9995579283131684,0.9986790992839416,0.9991486071372089,0.9997847706182641,0.9984501924122456,0.9992552154185819,0.9996674533524228,0.9993798573333893,0.9995861348100118,0.9987325537092665,0.999424560527593,0.9994446084304577,0.9995055899044502,1.0,0.9995903193961196,0.9996047602242979,0.999456905637865,0.999428141782598,0.9995618028493972,0.9992910365574997,0.9982700698078601,0.9992628915765654,0.9995729225704397,0.9995177499560715,0.9997504313807815,0.999751128728498,0.9993916321270503,0.9993855041911267,0.9996939552550261,0.999157176511497,0.9996212590629021,0.9995993871606368,0.9991857556092182,0.9994053272626626,0.9994472407225368,0.9988790793887851,0.9995162870460176,0.9996046433483119,0.9994572000561136,0.9995198760407343,0.9993908911236445,0.9990607873698404,0.9994667825390228,0.9995540477616993,0.9995997783263093,0.9996022625656719,0.9984914076257468,0.9993807627962487,0.9996101408674942,0.9997868286975173,0.9996972898151522,0.9994869216093991,0.9989327657642941,0.9984676947695961,0.9995464284680643,0.9995639382269997,0.9994835539910595
