,S010_006,S011_006,S014_006,S022_006,S026_006,S032_006,S035_006,S037_006,S042_006,S044_006,S045_006,S046_006,S050_006,S052_006,S055_006,S056_006,S057_006,S058_006,S060_006,S062_006,S064_006,S065_006,S066_006,S067_006,S068_006,S069_006,S071_006,S072_006,S073_006,S075_006,S076_006,S077_006,S078_006,S080_006,S081_006,S082_006,S083_006,S085_006,S087_006,S093_006,S094_006,S095_006,S098_006,S100_006,S105_006,S106_006,S108_006,S110_006,S112_006,S113_006,S114_006,S115_006,S116_006,S117_006,S118_006,S119_006,S120_006,S122_006,S124_006,S125_006
S010_006,1.0,0.999962072591775,0.999946182427241,0.9999840102170943,0.9999452513006615,0.9999589630171689,0.9999143284052986,0.9999688723240938,0.9999773041029743,0.9999623361657263,0.9999601808614462,0.9999424842948509,0.9999585981057042,0.9999189366315976,0.9999620647272924,0.9999501670366197,0.9998515596104,0.9999863485901145,0.9999340446253001,0.9999699599319742,0.9999523629612815,0.999984141388644,0.9999218661939626,0.9997839733053909,0.9999650497739055,0.9999096515688641,0.9999054728738297,0.9999540910632355,0.9999334183896436,0.9999461140455681,0.9999902001538951,0.9999358593129802,0.9999505913401903,0.9999487389508777,0.9999737845407263,0.9999328292303564,0.9999136558077258,0.9999427841535787,0.9999713868651078,0.9999155919058514,0.9999535648807544,0.999949172758539,0.9999553129503397,0.9999700166086584,0.9999829369948452,0.9999287694711647,0.9999336148778747,0.9999823717200603,0.999819164197661,0.9999513234617651,0.9999652254970602,0.9999653348202824,0.9999328726234089,0.9999768450219995,0.9999412320958193,0.9999287352201647,0.9999490022573791,0.9999537476939505,0.9999435735024782,0.9999947168036701
S011_006,0.999962072591775,1.0,0.9999350281177056,0.9999874743301679,0.999975858091304,0.9999757198015228,0.9999804696960334,0.9999506680532227,0.999949632439111,0.9999594533677562,0.9999382576669809,0.9999948273830325,0.999913005459266,0.9999758172515726,0.999915921387962,0.999937723221172,0.9998297223037946,0.9999601989823073,0.9999561898392354,0.9999165779879965,0.9999699484475911,0.999956800659407,0.9999680524934247,0.9997795293628712,0.9999903835905835,0.9999558932184505,0.9999411158999303,0.9999872997387504,0.99996217939545,0.9998965016022953,0.9999734425710461,0.9999631642218118,0.999953372312969,0.9999808441208788,0.9999910131396602,0.9999213876078707,0.9999573819098723,0.9999623461646739,0.9999810915541624,0.9999036629368038,0.9999335818310287,0.9999531300206028,0.9999762116220889,0.9999864507769883,0.9999709158824416,0.9999845626545625,0.9999450107537863,0.9999674614077316,0.9999308655150064,0.9999368001066523,0.9999856602834165,0.9999704474697823,0.9999454009770297,0.9999779548331309,0.9999818910158379,0.9999752760073584,0.9999604043299078,0.9999854522661251,0.9999439224990914,0.9999465160128606
S014_006,0.999946182427241,0.9999350281177056,1.0,0.9999712990789789,0.9999716828825685,0.9999835184895766,0.9999217366359118,0.9999326824628331,0.9999737489546214,0.999968912205272,0.9999621885311802,0.9999343935711107,0.9999102285075852,0.9999561697701899,0.9999775246249162,0.9999831848772723,0.9999101935261945,0.9999529673325265,0.9999559910251874,0.9999601120572414,0.9999661850230718,0.9999295965993774,0.99994728197741,0.9997525496704199,0.9999169621323653,0.9999568675057321,0.99995388021945,0.9999679661027601,0.9999480800858506,0.9998842947270521,0.9999391905182908,0.9999747897783123,0.9999874529498439,0.9999620815937307,0.9999508900685501,0.9999126397212899,0.9999616596871777,0.9999722173885577,0.9999475804389294,0.9999337411140703,0.9999678687411618,0.9999805796301374,0.9999753744368859,0.9999318240738667,0.9999580650824655,0.9999313130528734,0.9999164070094837,0.9999572542695266,0.9998801126777888,0.9999657422225375,0.9999757789129714,0.9999124731214509,0.9999250679564581,0.999957493099871,0.9999685002911408,0.9999592642191872,0.9999906691434861,0.9999306082224109,0.9999450699388861,0.9999446269193285
S022_006,0.9999840102170943,0.9999874743301679,0.9999712990789789,1.0,0.9999854007105116,0.999989813462938,0.9999658445010113,0.9999736250661084,0.999981149944184,0.9999844234742932,0.9999768280749584,0.9999780064456998,0.999942753274342,0.9999744399298776,0.9999617678970018,0.999972378735665,0.9998851858107703,0.9999855253719458,0.9999720142821386,0.9999558764717829,0.9999785421439652,0.9999727726908899,0.9999740072982156,0.999799279781,0.9999807459472823,0.999963741082227,0.9999578380202132,0.9999892690196496,0.9999712142356395,0.9999251327704466,0.999984596700422,0.9999736671497022,0.9999810139399766,0.9999830649618138,0.9999923635653537,0.999932315436256,0.9999609697733949,0.9999750977139715,0.999979877596986,0.9999443680732334,0.999971810703854,0.9999762611217226,0.9999865938199104,0.9999870944277299,0.9999905662658108,0.9999736695456285,0.9999584415694511,0.9999879327218003,0.9999045951158054,0.9999663534815229,0.9999942729383741,0.9999752182103652,0.9999580441143429,0.9999934768374114,0.9999805454166084,0.9999728849728537,0.9999777119653726,0.9999828347888476,0.9999722245669145,0.9999739009624453
S026_006,0.9999452513006615,0.999975858091304,0.9999716828825685,0.9999854007105116,1.0,0.9999901619033644,0.9999763698528235,0.9999357428447224,0.9999523540758465,0.9999645453138529,0.9999641765309145,0.9999701765512757,0.9999097212758862,0.9999901804851246,0.9999349072377178,0.9999663168376682,0.9999087378185932,0.9999499759206956,0.9999772773646347,0.9999271942739362,0.9999702198739447,0.9999529745125006,0.9999876284285415,0.9997944242481915,0.9999708509027225,0.9999756353249364,0.999977641603551,0.9999832237456578,0.9999796525618035,0.999897572901549,0.9999627108211956,0.9999807851993235,0.9999836816316686,0.9999754738218323,0.9999768468197106,0.999897853554689,0.9999737710798251,0.9999666525905322,0.9999646851148865,0.9999422743573227,0.9999598510460961,0.9999664931730781,0.9999792081596728,0.999963264902037,0.9999726696093222,0.999987210309113,0.9999252598547305,0.9999608717230728,0.9999452645793564,0.9999527074019103,0.9999874660682134,0.9999648502003506,0.9999444107234389,0.9999758139949181,0.9999791372284326,0.9999722973233234,0.9999772262515663,0.999976682728108,0.9999606275617307,0.9999299081784171
S032_006,0.9999589630171689,0.9999757198015228,0.9999835184895766,0.999989813462938,0.9999901619033644,1.0,0.9999704259041139,0.9999409580954502,0.9999665283654173,0.9999826237469807,0.9999618516695253,0.9999730691990274,0.9999406573019393,0.9999833747422163,0.999964752396906,0.9999633205027414,0.999904560172722,0.9999634434146972,0.9999867585008391,0.9999436859265679,0.9999858297547819,0.9999493424065172,0.9999769902159612,0.9997976308383985,0.9999598748884562,0.9999795132281214,0.9999790225902546,0.9999882579084128,0.9999784905210096,0.9999149971539831,0.9999624402859882,0.999986551211029,0.9999904956521877,0.9999924085035098,0.9999818998651465,0.9999461615139635,0.9999714556853696,0.9999898779457598,0.9999717847413866,0.9999348542574832,0.9999749100941844,0.9999870409878341,0.9999892588479108,0.9999695451561281,0.9999811433768316,0.9999718577438332,0.9999417650490194,0.9999691100574252,0.9999263171500377,0.9999721802832809,0.9999972571406325,0.9999520228770984,0.999964676818805,0.9999733369796356,0.9999859953844078,0.9999855674354666,0.9999919375039542,0.9999657854990428,0.9999571194098187,0.9999536636953792
S035_006,0.9999143284052986,0.9999804696960334,0.9999217366359118,0.9999658445010113,0.9999763698528235,0.9999704259041139,1.0,0.9999182619094095,0.9999048502273036,0.9999475674596676,0.9999226786072593,0.9999848873174634,0.999883581704548,0.9999815476460263,0.9998784137678234,0.999917252664983,0.9998228545698702,0.9999177388348852,0.9999623219312243,0.9998847624154604,0.9999418692747236,0.9999104959132972,0.9999767848404439,0.9998386293263432,0.999970457975947,0.9999558678938202,0.9999740342588881,0.9999709740675367,0.9999847069235972,0.9998833453471591,0.9999302737824073,0.9999439695689971,0.9999399980359408,0.9999731707153241,0.9999804346381269,0.9998891279125584,0.999970784675182,0.9999658249972184,0.9999575196145234,0.9998849419046275,0.9999385939588519,0.9999323146710662,0.9999540270152941,0.9999753799740271,0.9999429466582724,0.999993858072549,0.9999227468144891,0.9999241915761169,0.9999762211228893,0.9999021413007039,0.9999736667574941,0.9999585803041686,0.9999301768711171,0.9999510626402559,0.999966347738912,0.9999822398421799,0.9999506214973833,0.9999614634778279,0.9999401046075269,0.9998900440971382
S037_006,0.9999688723240938,0.9999506680532227,0.9999326824628331,0.9999736250661084,0.9999357428447224,0.9999409580954502,0.9999182619094095,1.0,0.9999760085277202,0.999972414293121,0.999977867235274,0.9999403326454182,0.9998936685851351,0.999929363977005,0.9999368518192799,0.9999656227497082,0.9998279570326734,0.999985400812652,0.9999197220392724,0.9999354590342482,0.99992850436008,0.9999318037166849,0.9999401010518725,0.999766801823,0.9999430448736121,0.9999176401758675,0.9999056070780726,0.9999581099028093,0.999925416116556,0.9998773209709843,0.9999488042210568,0.9999165566549155,0.999939266701313,0.9999382978837477,0.9999636491473126,0.9998695571409996,0.9999171587435052,0.9999343103297603,0.9999316119412904,0.9999396466080024,0.9999524996671161,0.9999387873560734,0.9999524182713004,0.9999744493729111,0.9999580999997246,0.9999243908522782,0.9999743825233784,0.9999769724785449,0.9998382958538159,0.9999255454237704,0.9999557104051054,0.999945762312857,0.9999148023188333,0.9999866138830362,0.9999387824877448,0.9999292844247532,0.9999266307189763,0.9999571863842969,0.9999808071656626,0.9999547085257576
S042_006,0.9999773041029743,0.999949632439111,0.9999737489546214,0.999981149944184,0.9999523540758465,0.9999665283654173,0.9999048502273036,0.9999760085277202,1.0,0.9999797695944165,0.9999768711815594,0.9999374528552164,0.9999223490514101,0.9999426780787097,0.9999835593670683,0.9999790174406786,0.9998914028003665,0.9999924982074769,0.9999426572100392,0.9999509102735824,0.9999715061506613,0.9999507638450172,0.9999424044760621,0.9997011554651506,0.9999321538434099,0.9999480885327869,0.9999122159155649,0.9999728635369475,0.99991731828159,0.9998779419673482,0.9999630061156323,0.9999644233853632,0.9999770326338173,0.9999587424851379,0.9999550139324378,0.999917897595632,0.9999220752164859,0.9999505970420052,0.9999421273634872,0.9999560969515477,0.9999549236826502,0.999979716418573,0.9999810217316666,0.9999516797100391,0.9999761305321565,0.9999163574616704,0.9999618763076856,0.9999929509965912,0.9998293743474959,0.9999767837331105,0.9999736182374305,0.9999257586394007,0.9999419884860384,0.9999841115889418,0.9999632309436309,0.9999381715733773,0.9999624403872082,0.9999583878767614,0.9999631944355547,0.999979475802077
S044_006,0.9999623361657263,0.9999594533677562,0.999968912205272,0.9999844234742932,0.9999645453138529,0.9999826237469807,0.9999475674596676,0.999972414293121,0.9999797695944165,1.0,0.9999805277453876,0.9999534398677512,0.99994148807629,0.9999649614417918,0.9999744682523197,0.9999620607055265,0.9998995693002003,0.9999846364617156,0.9999791838646693,0.9999325506342251,0.9999735904510361,0.9999297918679354,0.9999707585385635,0.9997834885140292,0.9999381509683452,0.9999711685178742,0.9999620004101595,0.9999794945301609,0.9999580528639325,0.9999014508120341,0.9999479071953726,0.999963899304912,0.9999819551131683,0.9999832056439827,0.9999715513722669,0.999938343429051,0.9999391643090769,0.9999803758337528,0.9999404846111786,0.9999584696551717,0.9999846018836526,0.9999864061005856,0.9999834295132438,0.9999748694702135,0.9999814343299012,0.9999416418315573,0.9999817915422127,0.9999809931485172,0.9998805863935221,0.9999737693907853,0.9999874356831757,0.9999399677902132,0.9999730590147836,0.9999819167592389,0.9999671585236982,0.9999677679362682,0.9999665092938076,0.9999617772705756,0.9999825554723873,0.9999611481634025
S045_006,0.9999601808614462,0.9999382576669809,0.9999621885311802,0.9999768280749584,0.9999641765309145,0.9999618516695253,0.9999226786072593,0.999977867235274,0.9999768711815594,0.9999805277453876,1.0,0.9999217805925733,0.9999183857427576,0.9999485886969237,0.9999594090927374,0.9999776069551796,0.9999223361906766,0.999980694925134,0.9999571584273058,0.9999363496591823,0.9999433905515008,0.9999439713936721,0.9999660517949871,0.9997807664850216,0.9999366913968624,0.9999466707642228,0.9999461860847669,0.9999574365536247,0.999946394926472,0.999897519304556,0.9999528369192158,0.9999436236494771,0.9999745526914096,0.9999444762839572,0.9999548441892921,0.9998737643026174,0.9999226314163444,0.999940584018604,0.9999217110760902,0.9999816794750119,0.9999781553780115,0.9999591327920322,0.9999611100678834,0.9999576634409445,0.999975385306036,0.9999341158412628,0.9999582632951187,0.999978152512324,0.9998526916945039,0.9999560974313191,0.9999646768638947,0.9999525289276497,0.9999397452358397,0.9999866925846884,0.9999384027599197,0.9999275912796775,0.9999418218067397,0.9999609245843335,0.9999933865903673,0.9999503555750962
S046_006,0.9999424842948509,0.9999948273830325,0.9999343935711107,0.9999780064456998,0.9999701765512757,0.9999730691990274,0.9999848873174634,0.9999403326454182,0.9999374528552164,0.9999534398677512,0.9999217805925733,1.0,0.9998858024119932,0.9999771245640942,0.9999026838480025,0.9999350381928284,0.9997986790794748,0.9999424656321046,0.9999463385875248,0.9999099848274647,0.9999619334920089,0.9999285264820866,0.9999621654701849,0.9997805629828369,0.9999768459184022,0.9999538278696345,0.9999428620705273,0.9999873952876387,0.9999624907445511,0.9998724346185234,0.9999500428602588,0.9999579787471322,0.9999440300797666,0.9999809806646127,0.9999875930283987,0.9999124014431693,0.9999723262367753,0.9999701601173446,0.9999780809142729,0.9998797438478264,0.9999264105730036,0.9999480372551904,0.9999725462996125,0.9999808552407223,0.9999503335445373,0.999983084478768,0.9999383645364552,0.9999492677762916,0.9999507575444542,0.9999194095459358,0.9999823809900308,0.9999504732690028,0.9999281099867734,0.9999645017969266,0.9999867672159778,0.9999872984736481,0.9999654191719849,0.9999700242448056,0.9999329904415775,0.9999245518404695
S050_006,0.9999585981057042,0.999913005459266,0.9999102285075852,0.999942753274342,0.9999097212758862,0.9999406573019393,0.999883581704548,0.9998936685851351,0.9999223490514101,0.99994148807629,0.9999183857427576,0.9998858024119932,1.0,0.9998799751548003,0.9999509632982695,0.9998717188540666,0.9998822239090234,0.9999437140440404,0.9999492665092734,0.9999177007284016,0.9999341453044089,0.9999488547752511,0.9998915894023102,0.9997979437163488,0.9999150336327212,0.9998917893510273,0.9999084513939259,0.9999037136398375,0.9999178885955654,0.9999699398764137,0.9999515219193555,0.9999087172279234,0.9999319864826686,0.9999335929184521,0.999931899147016,0.9999669138948495,0.9998514378864682,0.9999271952990715,0.9999236844414543,0.9998872495683073,0.9999485632533914,0.9999336070601161,0.9999169535406004,0.9999282759787345,0.9999704987063671,0.9998844088376199,0.9998910072734869,0.99993786130197,0.9997717280478098,0.9999485074337056,0.9999370612861006,0.9999306399352409,0.9999567418546579,0.9999201975809041,0.9998885182377011,0.9998943617405007,0.9999147838505932,0.9999036068804614,0.9998989336661978,0.999968017530619
S052_006,0.9999189366315976,0.9999758172515726,0.9999561697701899,0.9999744399298776,0.9999901804851246,0.9999833747422163,0.9999815476460263,0.999929363977005,0.9999426780787097,0.9999649614417918,0.9999485886969237,0.9999771245640942,0.9998799751548003,1.0,0.9999184452555837,0.9999507621748686,0.9998886956502175,0.999940564115922,0.9999757434069533,0.9998859658885109,0.999973543515036,0.9999168234963851,0.9999939477951534,0.9997483918696592,0.9999550868268017,0.9999907906220079,0.9999722398480317,0.9999900449460101,0.999965739486378,0.9998473370155588,0.9999355552819089,0.9999825898460921,0.9999764610568197,0.999982923570631,0.9999668555309843,0.9998929226483505,0.9999683130089212,0.999966859955617,0.9999440564251993,0.9999374633694227,0.9999419455340303,0.9999690348450969,0.9999845811446568,0.9999589433752893,0.9999577179891836,0.9999822582721113,0.9999441429916137,0.9999534917796377,0.9999615244696622,0.9999475632124472,0.999986391835088,0.9999388392115652,0.9999506794090649,0.9999688310190807,0.9999873475025296,0.9999802245336669,0.9999676951467745,0.9999782259162039,0.9999574449240162,0.9999058535403427
S055_006,0.9999620647272924,0.999915921387962,0.9999775246249162,0.9999617678970018,0.9999349072377178,0.999964752396906,0.9998784137678234,0.9999368518192799,0.9999835593670683,0.9999744682523197,0.9999594090927374,0.9999026838480025,0.9999509632982695,0.9999184452555837,1.0,0.9999538066536878,0.9999169262624832,0.9999734127943595,0.9999504922930806,0.9999488041101617,0.9999671239891961,0.9999331827458146,0.9999185224330099,0.9997095961330971,0.9998948742503773,0.9999382676171785,0.9999170029360268,0.9999476346753202,0.9999099989252298,0.9998976090035648,0.999942220157188,0.9999573033054353,0.9999774311650402,0.9999527911947306,0.9999319581747202,0.9999475245901972,0.9998997126638827,0.9999540944093718,0.9999231927347301,0.9999405493729885,0.9999636198578316,0.9999831111673068,0.9999658332461343,0.9999232602378922,0.9999700098764669,0.9998838556671221,0.9999336937261433,0.9999713770427359,0.9997948798526507,0.9999853998072328,0.9999624024523157,0.9998969728022277,0.9999498509864364,0.9999521122840774,0.9999403200036793,0.9999252497003511,0.999962278355892,0.9999194329309543,0.9999372661973825,0.9999758233377158
S056_006,0.9999501670366197,0.999937723221172,0.9999831848772723,0.999972378735665,0.9999663168376682,0.9999633205027414,0.999917252664983,0.9999656227497082,0.9999790174406786,0.9999620607055265,0.9999776069551796,0.9999350381928284,0.9998717188540666,0.9999507621748686,0.9999538066536878,1.0,0.9998792925245169,0.9999616277988046,0.9999279172125008,0.9999586077987581,0.9999420273570432,0.9999311924744007,0.9999484469236491,0.9997464492832796,0.9999281502839227,0.9999386677386083,0.9999317137416468,0.9999658143041233,0.9999376552479058,0.9998606084697081,0.9999415881649993,0.9999527981581021,0.9999701578610143,0.9999399907792277,0.9999525939532791,0.9998564874067133,0.9999587835716106,0.9999471936957884,0.9999404572541458,0.9999444081015112,0.9999562350689312,0.9999567880534992,0.9999653123895784,0.9999414063431118,0.9999487983880097,0.9999345165581978,0.9999293779804234,0.9999636354289524,0.9998739715365575,0.9999394554001445,0.9999634426200458,0.9999258788615529,0.9998949656715174,0.9999747394521015,0.9999597769549106,0.9999429510918704,0.9999680955533019,0.9999436828585249,0.9999657239974968,0.9999368990378895
S057_006,0.9998515596104,0.9998297223037946,0.9999101935261945,0.9998851858107703,0.9999087378185932,0.999904560172722,0.9998228545698702,0.9998279570326734,0.9998914028003665,0.9998995693002003,0.9999223361906766,0.9997986790794748,0.9998822239090234,0.9998886956502175,0.9999169262624832,0.9998792925245169,1.0,0.9998852384597209,0.999934211783566,0.9998144295894936,0.999905987163395,0.9998729525208688,0.9999105533199035,0.9996185175707482,0.9998245287297384,0.9999198967791926,0.9998980254396211,0.9998707180987951,0.999857619005013,0.999814339829667,0.9998705153289241,0.999918824180098,0.9999470367298171,0.9998763285051246,0.9998336896797194,0.9998300508290842,0.9998096596838231,0.9998536039043298,0.9998050916212519,0.9999583894357674,0.9999020542401647,0.9999200500026518,0.9998987665096165,0.9998227613382445,0.9999200934102267,0.9998403957894311,0.9998463613528683,0.9998993767917205,0.9997608305189393,0.9999446416908261,0.9998916947053325,0.9998475979273048,0.9999201720711405,0.9998875270361796,0.999855833307914,0.9998274552904107,0.9998720007135163,0.9998827979359816,0.999897087686936,0.999864259925562
S058_006,0.9999863485901145,0.9999601989823073,0.9999529673325265,0.9999855253719458,0.9999499759206956,0.9999634434146972,0.9999177388348852,0.999985400812652,0.9999924982074769,0.9999846364617156,0.999980694925134,0.9999424656321046,0.9999437140440404,0.999940564115922,0.9999734127943595,0.9999616277988046,0.9998852384597209,1.0,0.9999513413345924,0.9999414059175376,0.999967137010507,0.9999608341033797,0.9999486172149608,0.9997378103975376,0.9999493975243978,0.9999438998912045,0.9999164019619506,0.9999696334718917,0.9999269727746197,0.9999038151804189,0.9999734281256408,0.9999522213207536,0.999968559916392,0.9999615419963361,0.9999656823543817,0.9999261674351901,0.9999092059936218,0.9999478753623617,0.9999439662497822,0.9999585675761755,0.999960966363085,0.9999713836989692,0.9999748591805089,0.999970461196965,0.9999872025532192,0.9999253948318665,0.9999751473921639,0.9999971563025278,0.9998285094286,0.9999722676999638,0.9999741111503311,0.9999493848395267,0.9999581781805197,0.9999906459010537,0.9999534968005509,0.9999352992072654,0.9999466577152076,0.9999699367097061,0.9999731023439409,0.9999858571274414
S060_006,0.9999340446253001,0.9999561898392354,0.9999559910251874,0.9999720142821386,0.9999772773646347,0.9999867585008391,0.9999623219312243,0.9999197220392724,0.9999426572100392,0.9999791838646693,0.9999571584273058,0.9999463385875248,0.9999492665092734,0.9999757434069533,0.9999504922930806,0.9999279172125008,0.999934211783566,0.9999513413345924,1.0,0.9998958567699519,0.9999762430949788,0.9999291738216882,0.9999816625885531,0.9997903949512377,0.9999406637895688,0.9999831080162397,0.9999829406001697,0.9999688415023618,0.999969393447731,0.9999083000581361,0.9999425365162585,0.9999735333098004,0.9999839722781516,0.999984417881384,0.9999603361803239,0.9999415036978696,0.9999327943801776,0.9999722148452299,0.9999331924497554,0.9999493843739484,0.9999719729831762,0.9999787976581616,0.9999744928734511,0.9999560081469331,0.9999797452344285,0.9999571329474709,0.999943780762273,0.9999570606182797,0.9999101385029953,0.9999724158390364,0.999983985832184,0.9999434461908863,0.9999864489544481,0.9999596425738718,0.9999596643489409,0.9999634381756262,0.9999604618199611,0.9999608690639764,0.999958022662972,0.999933095883569
S062_006,0.9999699599319742,0.9999165779879965,0.9999601120572414,0.9999558764717829,0.9999271942739362,0.9999436859265679,0.9998847624154604,0.9999354590342482,0.9999509102735824,0.9999325506342251,0.9999363496591823,0.9999099848274647,0.9999177007284016,0.9998859658885109,0.9999488041101617,0.9999586077987581,0.9998144295894936,0.9999414059175376,0.9998958567699519,1.0,0.9999084868803978,0.9999467983759578,0.9998799437480912,0.9998239522221656,0.9999221480589745,0.9998664063265945,0.9999010443736182,0.9999212423733586,0.9999308997372658,0.9999382722807141,0.9999494538933722,0.9999043553736382,0.9999290365232629,0.9999136054304997,0.9999512018870789,0.9998921352201242,0.9999338674473217,0.9999396336870974,0.9999629019908901,0.9998641516015573,0.999951935917096,0.999920392654068,0.9999201758157825,0.999933096947766,0.999937209794622,0.9999021378285875,0.9998708699269129,0.9999329164217087,0.9998097310012565,0.9999072628742779,0.9999373495075098,0.9999276287798761,0.9998630837885542,0.999936191525759,0.9999168013111847,0.9999188384983733,0.9999572870639298,0.999889526344214,0.9999105430965507,0.9999585478996991
S064_006,0.9999523629612815,0.9999699484475911,0.9999661850230718,0.9999785421439652,0.9999702198739447,0.9999858297547819,0.9999418692747236,0.99992850436008,0.9999715061506613,0.9999735904510361,0.9999433905515008,0.9999619334920089,0.9999341453044089,0.999973543515036,0.9999671239891961,0.9999420273570432,0.999905987163395,0.999967137010507,0.9999762430949788,0.9999084868803978,1.0,0.9999429391518037,0.9999637065819432,0.9996909989393145,0.9999429660330298,0.9999835964985533,0.9999402206873268,0.9999866712211242,0.9999341941909377,0.999872858257218,0.9999582434101254,0.9999945309508517,0.9999862630393244,0.9999895821770463,0.9999588204225571,0.9999579455479627,0.9999326138739518,0.9999683919554171,0.9999508666683166,0.9999371263512005,0.999940525384116,0.9999933293420095,0.9999949723580118,0.9999490228232696,0.999979440238028,0.9999440373316177,0.9999489489594877,0.9999782402340853,0.9998874998876724,0.9999887930871764,0.9999896843615282,0.9999229652953977,0.9999773141043413,0.9999670979709004,0.9999852076949788,0.9999654182955655,0.9999748179657197,0.999969823583929,0.9999365208540107,0.9999590471118813
S065_006,0.999984141388644,0.999956800659407,0.9999295965993774,0.9999727726908899,0.9999529745125006,0.9999493424065172,0.9999104959132972,0.9999318037166849,0.9999507638450172,0.9999297918679354,0.9999439713936721,0.9999285264820866,0.9999488547752511,0.9999168234963851,0.9999331827458146,0.9999311924744007,0.9998729525208688,0.9999608341033797,0.9999291738216882,0.9999467983759578,0.9999429391518037,1.0,0.9999210629944512,0.9997667965941963,0.9999742210163816,0.999901482113921,0.9998987830974023,0.9999382241584199,0.9999277138513248,0.9999446193490804,0.9999975033543859,0.9999355158879268,0.999943939785612,0.9999295254132802,0.9999591624559243,0.9999052533563065,0.9999001281643727,0.9999118669414808,0.9999662105582814,0.9999099103622721,0.9999272265841962,0.9999273395140387,0.9999394519532678,0.9999474049374882,0.9999782117597948,0.9999377015569422,0.9998887350209043,0.9999665941269599,0.9998239262878447,0.9999401128181702,0.9999511558349884,0.999975189974743,0.9999203274654088,0.9999636944971684,0.999926458511121,0.9999042510613845,0.9999328881069109,0.9999571505874869,0.9999200862000572,0.999974709094043
S066_006,0.9999218661939626,0.9999680524934247,0.99994728197741,0.9999740072982156,0.9999876284285415,0.9999769902159612,0.9999767848404439,0.9999401010518725,0.9999424044760621,0.9999707585385635,0.9999660517949871,0.9999621654701849,0.9998915894023102,0.9999939477951534,0.9999185224330099,0.9999484469236491,0.9999105533199035,0.9999486172149608,0.9999816625885531,0.9998799437480912,0.9999637065819432,0.9999210629944512,1.0,0.9997680890959219,0.9999547543051505,0.9999870992202218,0.9999760442541898,0.9999804770143542,0.9999675733379009,0.9998608103111428,0.9999376448801378,0.9999707313929993,0.9999761117449634,0.9999743558401941,0.9999635878781477,0.999881225017695,0.999950540058299,0.9999561295558577,0.999929023247334,0.999960445317542,0.9999537071115084,0.9999632812319327,0.9999764423633808,0.9999625708503402,0.9999656454702529,0.9999780879167239,0.999954077377562,0.9999583012099461,0.9999447237586421,0.999948391134422,0.9999806833442809,0.9999512311566351,0.9999592166707904,0.999975566493158,0.9999700237868164,0.9999646441530027,0.9999505790601732,0.9999824986579764,0.9999760110399768,0.9999076232284683
S067_006,0.9997839733053909,0.9997795293628712,0.9997525496704199,0.999799279781,0.9997944242481915,0.9997976308383985,0.9998386293263432,0.999766801823,0.9997011554651506,0.9997834885140292,0.9997807664850216,0.9997805629828369,0.9997979437163488,0.9997483918696592,0.9997095961330971,0.9997464492832796,0.9996185175707482,0.9997378103975376,0.9997903949512377,0.9998239522221656,0.9996909989393145,0.9997667965941963,0.9997680890959219,1.0,0.9998155423479257,0.9996954888059428,0.9998572002919975,0.9997403574073978,0.9998975638072253,0.9999012818043507,0.9997724446852162,0.999683935010554,0.9997364124626459,0.9997683050055167,0.9998476935992233,0.9997197019182076,0.999820736936675,0.9998197188259793,0.9998215108484925,0.9996681737148659,0.9998623193051204,0.9997076890307734,0.9997124704903598,0.999844295828441,0.9997765408377387,0.9998278563633651,0.9997041013342364,0.9997131764134851,0.9997776651516578,0.9996701740248105,0.9997820900547205,0.9998601140114781,0.9997184537255138,0.9997639656177013,0.9997218930451046,0.9998029674434766,0.999776776843148,0.9997256936963513,0.9997906429150294,0.999738483639232
S068_006,0.9999650497739055,0.9999903835905835,0.9999169621323653,0.9999807459472823,0.9999708509027225,0.9999598748884562,0.999970457975947,0.9999430448736121,0.9999321538434099,0.9999381509683452,0.9999366913968624,0.9999768459184022,0.9999150336327212,0.9999550868268017,0.9998948742503773,0.9999281502839227,0.9998245287297384,0.9999493975243978,0.9999406637895688,0.9999221480589745,0.9999429660330298,0.9999742210163816,0.9999547543051505,0.9998155423479257,1.0,0.9999248290051593,0.9999307986957271,0.9999638031868445,0.9999626394648743,0.9999228059731539,0.999983145134117,0.999937926799163,0.999935810980873,0.999954141854276,0.999986906788004,0.9998925190559073,0.9999431279585898,0.999936552658603,0.9999804774331039,0.9998941459080605,0.9999277302825164,0.9999228066343574,0.9999497519609245,0.9999811597842263,0.9999673078800329,0.9999842488870657,0.9999145647704972,0.9999556588904025,0.9999124388238202,0.9999134778620029,0.999967355877649,0.9999908418639151,0.9999223739371623,0.9999719406459209,0.9999539040420333,0.9999483218557274,0.9999395543091909,0.9999785029225017,0.9999366488822657,0.9999418274825038
S069_006,0.9999096515688641,0.9999558932184505,0.9999568675057321,0.999963741082227,0.9999756353249364,0.9999795132281214,0.9999558678938202,0.9999176401758675,0.9999480885327869,0.9999711685178742,0.9999466707642228,0.9999538278696345,0.9998917893510273,0.9999907906220079,0.9999382676171785,0.9999386677386083,0.9999198967791926,0.9999438998912045,0.9999831080162397,0.9998664063265945,0.9999835964985533,0.999901482113921,0.9999870992202218,0.9996954888059428,0.9999248290051593,1.0,0.9999631639199064,0.9999831586772697,0.9999423089476972,0.9998301596888061,0.9999213028587773,0.9999885197162431,0.9999844313965756,0.9999836515845979,0.9999446210836976,0.99991188925848,0.999938617110745,0.9999625753967236,0.9999167802390393,0.9999530196241495,0.999940339651121,0.9999840731583519,0.9999880099020227,0.9999391525883428,0.9999597958805313,0.9999520722736205,0.9999529415640226,0.9999570583073999,0.9999258312886238,0.9999704182896734,0.999982272381924,0.9999099654383111,0.9999714920736986,0.9999597428622355,0.9999795086596668,0.9999667861059537,0.9999606438683957,0.9999680427663123,0.9999525944481044,0.9999095230334952
S071_006,0.9999054728738297,0.9999411158999303,0.99995388021945,0.9999578380202132,0.999977641603551,0.9999790225902546,0.9999740342588881,0.9999056070780726,0.9999122159155649,0.9999620004101595,0.9999461860847669,0.9999428620705273,0.9999084513939259,0.9999722398480317,0.9999170029360268,0.9999317137416468,0.9998980254396211,0.9999164019619506,0.9999829406001697,0.9999010443736182,0.9999402206873268,0.9998987830974023,0.9999760442541898,0.9998572002919975,0.9999307986957271,0.9999631639199064,1.0,0.9999545205410465,0.9999898334482847,0.9999017572739132,0.999912960448782,0.9999483045202024,0.9999650524460778,0.9999668565674811,0.9999590572428279,0.9998954654800971,0.999962364678345,0.9999741113119224,0.9999305520942312,0.999918048286767,0.9999750584325622,0.9999504901859234,0.9999504529564318,0.9999499867038188,0.9999478197100897,0.9999670873027864,0.9999128524304716,0.9999192068339106,0.9999466268807417,0.9999266928204371,0.9999701563035799,0.9999386493392535,0.9999413886270027,0.999940521294074,0.9999482635206064,0.9999701690539703,0.9999606385691652,0.9999337118419228,0.9999525568949893,0.9998905176437476
S072_006,0.9999540910632355,0.9999872997387504,0.9999679661027601,0.9999892690196496,0.9999832237456578,0.9999882579084128,0.9999709740675367,0.9999581099028093,0.9999728635369475,0.9999794945301609,0.9999574365536247,0.9999873952876387,0.9999037136398375,0.9999900449460101,0.9999476346753202,0.9999658143041233,0.9998707180987951,0.9999696334718917,0.9999688415023618,0.9999212423733586,0.9999866712211242,0.9999382241584199,0.9999804770143542,0.9997403574073978,0.9999638031868445,0.9999831586772697,0.9999545205410465,1.0,0.9999579297869767,0.9998669574085723,0.9999575983432335,0.9999860947636888,0.9999799979166787,0.9999912058793718,0.9999805975318523,0.9999241344844559,0.9999679662764986,0.9999777851854779,0.9999653609948312,0.9999358892829384,0.9999495749702204,0.9999826219085213,0.9999964270764786,0.9999744186004138,0.9999719416685644,0.99997248827587,0.9999641251376773,0.9999776401228729,0.9999313917371708,0.9999634026087236,0.9999954850275281,0.999943539682418,0.9999560872644222,0.9999835621707823,0.9999972341066119,0.9999854242293481,0.9999800367041066,0.9999822859536307,0.9999611523891927,0.9999461704011239
S073_006,0.9999334183896436,0.99996217939545,0.9999480800858506,0.9999712142356395,0.9999796525618035,0.9999784905210096,0.9999847069235972,0.999925416116556,0.99991731828159,0.9999580528639325,0.999946394926472,0.9999624907445511,0.9999178885955654,0.999965739486378,0.9999099989252298,0.9999376552479058,0.999857619005013,0.9999269727746197,0.999969393447731,0.9999308997372658,0.9999341941909377,0.9999277138513248,0.9999675733379009,0.9998975638072253,0.9999626394648743,0.9999423089476972,0.9999898334482847,0.9999579297869767,1.0,0.9999340534273883,0.9999398842096212,0.9999376484444173,0.9999527155902219,0.9999650773460732,0.9999822306221062,0.9998978839989793,0.9999742986124782,0.9999748130263516,0.9999629463140672,0.9998979663463136,0.9999743249804222,0.9999373466945475,0.9999464286852033,0.9999730597704128,0.9999542014410362,0.999982882814831,0.9999099603276695,0.9999267604900636,0.9999481748403923,0.9999122029088968,0.9999727726762536,0.9999685510775829,0.9999269608286,0.999952007539013,0.999950883804652,0.9999745983405545,0.9999632933507548,0.9999427565978088,0.999951459457476,0.9999107741201867
S075_006,0.9999461140455681,0.9998965016022953,0.9998842947270521,0.9999251327704466,0.999897572901549,0.9999149971539831,0.9998833453471591,0.9998773209709843,0.9998779419673482,0.9999014508120341,0.999897519304556,0.9998724346185234,0.9999699398764137,0.9998473370155588,0.9998976090035648,0.9998606084697081,0.999814339829667,0.9999038151804189,0.9999083000581361,0.9999382722807141,0.999872858257218,0.9999446193490804,0.9998608103111428,0.9999012818043507,0.9999228059731539,0.9998301596888061,0.9999017572739132,0.9998669574085723,0.9999340534273883,1.0,0.9999411140461516,0.9998538002324178,0.9998873144952716,0.999891273217138,0.9999336941065531,0.9999072304481414,0.9998642783021172,0.9999049585464044,0.9999335365729715,0.9998295944577469,0.9999400977539904,0.9998725566778065,0.9998660036395567,0.9999246543617285,0.9999368664667169,0.9998916065249085,0.9998310765533962,0.9998922437019095,0.9997791036864352,0.9998770337238144,0.9999056333502042,0.999949665440115,0.9998866791254097,0.9998956821166772,0.9998509397764876,0.999875855613718,0.9998947363938863,0.9998691449477817,0.9998771334928029,0.9999347082945769
S076_006,0.9999902001538951,0.9999734425710461,0.9999391905182908,0.999984596700422,0.9999627108211956,0.9999624402859882,0.9999302737824073,0.9999488042210568,0.9999630061156323,0.9999479071953726,0.9999528369192158,0.9999500428602588,0.9999515219193555,0.9999355552819089,0.999942220157188,0.9999415881649993,0.9998705153289241,0.9999734281256408,0.9999425365162585,0.9999494538933722,0.9999582434101254,0.9999975033543859,0.9999376448801378,0.9997724446852162,0.999983145134117,0.9999213028587773,0.999912960448782,0.9999575983432335,0.9999398842096212,0.9999411140461516,1.0,0.999948985279054,0.9999543782169423,0.9999496486351759,0.999973755152807,0.9999207115419897,0.9999172846542151,0.9999318439475361,0.9999757567723497,0.999918988569499,0.9999381498143756,0.9999436831871629,0.9999570244441204,0.9999651484649145,0.9999859802497553,0.9999513311895365,0.9999154348611168,0.9999783292291576,0.9998480592354437,0.9999504787501089,0.9999671102710974,0.9999796197365336,0.9999364662960278,0.999976550156415,0.999946529850723,0.9999272105157004,0.999946334350616,0.9999710498021833,0.9999356180955319,0.999980998473753
S077_006,0.9999358593129802,0.9999631642218118,0.9999747897783123,0.9999736671497022,0.9999807851993235,0.999986551211029,0.9999439695689971,0.9999165566549155,0.9999644233853632,0.999963899304912,0.9999436236494771,0.9999579787471322,0.9999087172279234,0.9999825898460921,0.9999573033054353,0.9999527981581021,0.999918824180098,0.9999522213207536,0.9999735333098004,0.9999043553736382,0.9999945309508517,0.9999355158879268,0.9999707313929993,0.999683935010554,0.999937926799163,0.9999885197162431,0.9999483045202024,0.9999860947636888,0.9999376484444173,0.9998538002324178,0.999948985279054,1.0,0.9999906293615205,0.9999824277008833,0.999951433868711,0.9999300306283554,0.9999462560888066,0.9999633821421916,0.9999455499326333,0.9999408537707807,0.9999357613527683,0.9999891931452375,0.9999933598218377,0.9999358477667283,0.9999689866833742,0.9999511923155504,0.999931620889483,0.999967747561903,0.9999078278942768,0.9999814796969326,0.9999864593385209,0.9999174362287329,0.9999611834801088,0.999962744151945,0.9999876150929133,0.9999649728518123,0.9999792691558627,0.9999672903732136,0.9999351106198405,0.9999383081817401
S078_006,0.9999505913401903,0.999953372312969,0.9999874529498439,0.9999810139399766,0.9999836816316686,0.9999904956521877,0.9999399980359408,0.999939266701313,0.9999770326338173,0.9999819551131683,0.9999745526914096,0.9999440300797666,0.9999319864826686,0.9999764610568197,0.9999774311650402,0.9999701578610143,0.9999470367298171,0.999968559916392,0.9999839722781516,0.9999290365232629,0.9999862630393244,0.999943939785612,0.9999761117449634,0.9997364124626459,0.999935810980873,0.9999844313965756,0.9999650524460778,0.9999799979166787,0.9999527155902219,0.9998873144952716,0.9999543782169423,0.9999906293615205,1.0,0.9999784561140527,0.9999566641128665,0.9999276221772414,0.999945135715917,0.9999692765059771,0.9999411572630754,0.9999676087553501,0.9999695355056488,0.9999929164373961,0.9999895647776532,0.9999456756457363,0.9999814876999461,0.9999472282487347,0.9999445276594066,0.9999767178680727,0.99989089016442,0.9999882335735413,0.9999875222001341,0.9999327590736848,0.9999675095348532,0.9999742221709003,0.9999746757544193,0.999959741283807,0.9999794142320907,0.9999642337543119,0.9999636637285171,0.9999519582589516
S080_006,0.9999487389508777,0.9999808441208788,0.9999620815937307,0.9999830649618138,0.9999754738218323,0.9999924085035098,0.9999731707153241,0.9999382978837477,0.9999587424851379,0.9999832056439827,0.9999444762839572,0.9999809806646127,0.9999335929184521,0.999982923570631,0.9999527911947306,0.9999399907792277,0.9998763285051246,0.9999615419963361,0.999984417881384,0.9999136054304997,0.9999895821770463,0.9999295254132802,0.9999743558401941,0.9997683050055167,0.999954141854276,0.9999836515845979,0.9999668565674811,0.9999912058793718,0.9999650773460732,0.999891273217138,0.9999496486351759,0.9999824277008833,0.9999784561140527,1.0,0.99997871418913,0.9999585949800853,0.9999574469708823,0.9999895632096201,0.9999619397808529,0.9999221232483866,0.999959228250732,0.9999866909261229,0.9999909473097157,0.9999730690656007,0.9999748814387265,0.9999651116285939,0.9999594349212607,0.9999668703987341,0.9999262897244873,0.9999687476267275,0.999996219452467,0.9999379338166028,0.9999760419968403,0.9999678720142052,0.9999886409704488,0.9999894519880612,0.9999797607798451,0.9999678461784492,0.9999493817927272,0.9999468833992494
S081_006,0.9999737845407263,0.9999910131396602,0.9999508900685501,0.9999923635653537,0.9999768468197106,0.9999818998651465,0.9999804346381269,0.9999636491473126,0.9999550139324378,0.9999715513722669,0.9999548441892921,0.9999875930283987,0.999931899147016,0.9999668555309843,0.9999319581747202,0.9999525939532791,0.9998336896797194,0.9999656823543817,0.9999603361803239,0.9999512018870789,0.9999588204225571,0.9999591624559243,0.9999635878781477,0.9998476935992233,0.999986906788004,0.9999446210836976,0.9999590572428279,0.9999805975318523,0.9999822306221062,0.9999336941065531,0.999973755152807,0.999951433868711,0.9999566641128665,0.99997871418913,1.0,0.9999258701663706,0.9999699039336367,0.9999774081753601,0.9999881031890154,0.9999047662858718,0.9999648405623577,0.9999534686714332,0.9999692978779411,0.9999953578221774,0.9999742341186585,0.999982430190409,0.9999443003400842,0.9999649906164981,0.9999245552342341,0.9999334758883203,0.9999868017006219,0.9999797943953308,0.9999395961848289,0.999979325590436,0.9999730134907728,0.9999801986571104,0.9999704624147192,0.9999701070046094,0.9999578159268531,0.9999558608540693
